-1.190823502838611603e-02
-2.165336310863494873e-01
-1.192696571350097656e+00
4.385572671890258789e-01
-8.256032466888427734e-01
-1.231100708246231079e-01
-6.752668023109436035e-01
8.173675537109375000e-01
2.979067862033843994e-01
-2.473715245723724365e-01
2.923306524753570557e-01
-1.928004622459411621e+00
-3.132671713829040527e-01
-1.698876619338989258e-01
2.804261744022369385e-01
-1.162176728248596191e+00
2.956766188144683838e-01
8.014394640922546387e-01
2.826980352401733398e-01
8.295214176177978516e-01
-2.525842487812042236e-01
6.353707313537597656e-01
-4.985428452491760254e-01
1.371313691139221191e+00
-3.379544317722320557e-01
2.754300534725189209e-01
-1.221252799034118652e+00
1.158754229545593262e+00
4.893385171890258789e-01
5.900612473487854004e-02
-2.415498197078704834e-01
-2.592498660087585449e-01
-8.385276794433593750e-02
4.945225417613983154e-01
3.547087311744689941e-01
3.240138888359069824e-01
-4.573426544666290283e-01
-2.890058159828186035e-01
-6.606070995330810547e-01
-2.099890112876892090e-01
-6.228404045104980469e-01
5.254432559013366699e-01
-8.622463345527648926e-01
-6.182533875107765198e-02
-9.763489961624145508e-01
-8.066672086715698242e-01
-1.878441572189331055e-01
1.017126917839050293e+00
4.471001327037811279e-01
-5.662863850593566895e-01
-1.366646766662597656e+00
-5.516335964202880859e-01
-1.045773983001708984e+00
-3.998436629772186279e-01
5.891360640525817871e-01
-3.438662886619567871e-01
6.794605255126953125e-01
6.916323900222778320e-01
-1.010028794407844543e-01
-1.610855013132095337e-01
7.576037049293518066e-01
4.627474844455718994e-01
-1.567233085632324219e+00
3.107994422316551208e-02
-1.840674877166748047e-02
-2.225912064313888550e-01
-1.468421667814254761e-01
-6.722572445869445801e-01
2.229135856032371521e-02
-6.696918010711669922e-01
-2.749769389629364014e-01
8.109132647514343262e-01
7.753234505653381348e-01
-3.732357919216156006e-01
-9.677666425704956055e-02
1.595876663923263550e-01
2.538679540157318115e-01
-6.596447229385375977e-01
1.951569467782974243e-01
4.706430435180664062e-02
-3.872656822204589844e-02
-6.515643000602722168e-01
1.083167456090450287e-02
-2.080588229000568390e-02
4.530750215053558350e-01
-1.066873431205749512e+00
7.134290933609008789e-01
6.590733677148818970e-02
-6.012516021728515625e-01
-6.642385125160217285e-01
-1.260115385055541992e+00
1.008804798126220703e+00
8.095850944519042969e-01
-4.045834839344024658e-01
1.547530889511108398e-01
1.758074462413787842e-01
-2.735262513160705566e-01
-4.529755115509033203e-01
7.070899605751037598e-01
5.755556225776672363e-01
8.585545420646667480e-02
3.915584087371826172e-01
9.521256685256958008e-01
-5.409629940986633301e-01
1.706355512142181396e-01
-2.605111300945281982e-01
5.667109489440917969e-01
2.884439658373594284e-03
9.883764982223510742e-01
8.035849779844284058e-02
1.094727277755737305e+00
-8.336874097585678101e-02
-5.444223061203956604e-02
-6.887058019638061523e-01
-1.501755267381668091e-01
5.551252961158752441e-01
-7.415071725845336914e-01
-1.522147178649902344e+00
-1.951553225517272949e-01
-4.683559238910675049e-01
-5.419039726257324219e-01
-1.168166697025299072e-01
4.549697935581207275e-01
-7.594406008720397949e-01
-8.667579293251037598e-02
-8.580867201089859009e-02
-8.182432055473327637e-01
-5.204298719763755798e-02
6.291232109069824219e-01
1.108141541481018066e+00
1.307770144194364548e-02
1.317883610725402832e+00
2.395276278257369995e-01
-1.104613114148378372e-02
-5.189771056175231934e-01
-3.762934207916259766e-01
-4.196029603481292725e-01
-1.714400202035903931e-01
4.208966717123985291e-02
-6.721248030662536621e-01
-2.250186204910278320e+00
7.124949097633361816e-01
7.304392755031585693e-02
7.900133728981018066e-02
2.404046058654785156e-01
6.747269630432128906e-01
8.273955583572387695e-01
3.936127722263336182e-01
-1.935454130172729492e+00
-8.514117449522018433e-02
1.308944106101989746e+00
-7.789999246597290039e-01
1.691805869340896606e-01
2.154675312340259552e-02
-1.513848066329956055e+00
-1.077132463455200195e+00
3.941115736961364746e-01
-4.192492365837097168e-01
-1.021377146244049072e-01
-8.308377116918563843e-02
6.705302596092224121e-01
4.969999194145202637e-02
5.118388533592224121e-01
8.811163902282714844e-01
7.182084321975708008e-01
5.000072121620178223e-01
2.696341276168823242e-01
3.625802397727966309e-01
5.143162012100219727e-01
-2.657754421234130859e-01
-1.239736557006835938e+00
-7.607548683881759644e-02
-3.679507672786712646e-01
-1.761414706707000732e-01
7.808667421340942383e-01
3.453631401062011719e-01
3.442943394184112549e-01
-2.988038957118988037e-01
-2.016431689262390137e-01
5.261971950531005859e-01
7.033775448799133301e-01
-7.451946288347244263e-02
7.645317912101745605e-01
-5.461920499801635742e-01
3.402812182903289795e-01
-3.189182877540588379e-01
-2.446928769350051880e-01
-1.091109037399291992e+00
-2.154221236705780029e-01
3.447756171226501465e-01
5.702000856399536133e-01
4.257386922836303711e-01
-2.657739222049713135e-01
-4.133376479148864746e-01
-2.701565623283386230e-01
3.725373148918151855e-01
-5.106559395790100098e-01
-2.809268236160278320e-01
-2.912138998508453369e-01
-4.467027187347412109e-01
-8.385136127471923828e-01
3.736571371555328369e-01
2.895494401454925537e-01
2.643808126449584961e-01
5.188724398612976074e-01
-2.583265006542205811e-01
-5.362092852592468262e-01
-6.214118599891662598e-01
-2.549448013305664062e-01
4.920120239257812500e-01
9.213846325874328613e-01
-6.729755401611328125e-01
1.031651139259338379e+00
4.681628346443176270e-01
9.765102267265319824e-01
1.280839294195175171e-01
5.077037215232849121e-01
-1.499358773231506348e+00
6.906393766403198242e-01
-1.428834795951843262e-01
-1.261923313140869141e+00
-1.411542147397994995e-01
-4.207680225372314453e-01
-6.286823749542236328e-01
-9.869055747985839844e-01
6.247106194496154785e-02
-3.513847291469573975e-01
-2.489268112182617188e+01
2.148833274841308594e-01
-3.504966199398040771e-01
3.455634415149688721e-01
-1.003461360931396484e+00
-3.801693022251129150e-01
3.026337027549743652e-01
-6.863896250724792480e-01
5.628601908683776855e-01
2.024676203727722168e-01
-1.340793520212173462e-01
5.790379643440246582e-02
-5.863320827484130859e-01
1.307581186294555664e+00
-6.758489012718200684e-01
1.257229894399642944e-01
-5.383830666542053223e-01
-3.104737401008605957e-01
7.887340188026428223e-01
6.245344877243041992e-01
1.581994056701660156e+00
-3.417147696018218994e-02
-1.657534122467041016e+00
4.263254106044769287e-01
1.449555397033691406e+00
5.297058224678039551e-01
3.327210545539855957e-01
4.829069375991821289e-01
-6.074797362089157104e-02
-1.238183975219726562e-01
-1.740834116935729980e+00
-6.278434395790100098e-01
-1.114586293697357178e-01
3.543113470077514648e-01
4.245847761631011963e-01
-2.561624348163604736e-01
-2.490520477294921875e-01
-4.148547947406768799e-01
3.819614648818969727e-03
-4.034807682037353516e-01
5.180802345275878906e-01
7.420327067375183105e-01
3.226499557495117188e-01
-7.734962701797485352e-01
8.582990616559982300e-02
5.964089632034301758e-01
-8.364827036857604980e-01
-5.178407430648803711e-01
6.447418332099914551e-01
3.442256525158882141e-02
1.974592506885528564e-01
-4.423312544822692871e-01
7.511205077171325684e-01
-2.847027406096458435e-02
-7.301896214485168457e-01
4.521114826202392578e-01
9.783125668764114380e-02
5.736783146858215332e-01
1.507754802703857422e+00
-4.951319992542266846e-01
3.524606227874755859e-01
-7.238049507141113281e-01
2.705157995223999023e-01
-3.567300736904144287e-01
1.196934431791305542e-01
-3.832670152187347412e-01
5.722662210464477539e-01
-3.447956740856170654e-01
-4.616707265377044678e-01
-6.871876716613769531e-01
1.407314836978912354e-01
9.540770202875137329e-02
-7.134331464767456055e-01
-4.318874180316925049e-01
1.106803268194198608e-01
-2.334014177322387695e-01
-3.914766311645507812e-01
8.509498834609985352e-02
1.740061342716217041e-01
4.796248078346252441e-01
7.621349096298217773e-01
5.898101329803466797e-01
8.610691428184509277e-01
-1.318381667137145996e+00
-3.626111149787902832e-01
4.608247280120849609e-01
-5.085807442665100098e-01
-2.603956162929534912e-01
1.395705938339233398e+00
1.969578862190246582e-01
5.644612908363342285e-01
7.990003377199172974e-02
1.414027214050292969e+00
-2.845780253410339355e-01
9.454461336135864258e-01
-1.005128979682922363e+00
-1.132588237524032593e-01
1.135105133056640625e+00
9.087995290756225586e-01
-9.696316123008728027e-01
5.757012367248535156e-01
9.269036650657653809e-01
-4.637209773063659668e-01
-8.828266263008117676e-01
-1.075186371803283691e+00
-9.428928494453430176e-01
-7.225961089134216309e-01
-5.278456211090087891e-01
8.035964369773864746e-01
-1.132747605443000793e-01
1.332901865243911743e-01
-6.011856719851493835e-02
3.719983994960784912e-01
-5.901667475700378418e-01
-3.434383869171142578e-01
-8.479247689247131348e-01
-7.445927858352661133e-01
4.754582047462463379e-01
7.096858620643615723e-01
8.078891634941101074e-01
8.674411773681640625e-01
-2.516851201653480530e-02
-7.997965812683105469e-01
-6.105656623840332031e-01
-1.013615012168884277e+00
-2.189060449600219727e+00
-2.409873455762863159e-01
-1.960570216178894043e-01
2.878642976284027100e-01
1.356097459793090820e+00
-4.099266529083251953e-01
-1.891535669565200806e-01
-7.121254205703735352e-01
-4.455014318227767944e-02
-5.094673037528991699e-01
-7.022704184055328369e-02
-1.155737340450286865e-01
-1.313575387001037598e+00
-3.584222793579101562e-01
-1.312522441148757935e-01
9.386137723922729492e-01
-9.011937379837036133e-01
-1.987076044082641602e+00
3.380783498287200928e-01
2.704898118972778320e-01
-1.315414071083068848e+00
-4.469358623027801514e-01
3.240834772586822510e-01
-3.577806651592254639e-01
-9.530586600303649902e-01
4.452074319124221802e-02
5.007032155990600586e-01
5.504376292228698730e-01
7.535204887390136719e-01
-4.674552679061889648e-01
1.286822438240051270e+00
3.321701884269714355e-01
7.398710846900939941e-01
4.086556732654571533e-01
1.672263294458389282e-01
-7.712516784667968750e-01
-7.246988415718078613e-01
-2.736924290657043457e-01
-1.370168384164571762e-02
6.005195975303649902e-01
-3.282924294471740723e-01
2.461273455992341042e-03
-8.095737099647521973e-01
-1.212889075279235840e+00
2.147332429885864258e-01
1.243034124374389648e+00
-6.158871650695800781e-01
1.754278987646102905e-01
-7.517876029014587402e-01
-5.818666890263557434e-02
-9.029649496078491211e-01
1.880523115396499634e-01
-8.939298391342163086e-01
-2.706923782825469971e-01
5.702893137931823730e-01
9.274382144212722778e-02
-1.904040575027465820e-01
1.385662436485290527e+00
5.111938118934631348e-01
-2.473371922969818115e-01
-5.684396624565124512e-02
1.745242476463317871e+00
-8.023797869682312012e-01
-5.409102439880371094e-01
-1.441064953804016113e+00
-2.118515670299530029e-01
-1.009151220321655273e+00
-4.469787776470184326e-01
-4.679608047008514404e-01
1.075192689895629883e+00
1.019785284996032715e+00
-1.413045406341552734e+00
-2.437974065542221069e-01
4.231431782245635986e-01
7.443076968193054199e-01
-5.876606330275535583e-02
-5.465753078460693359e-01
-2.427453696727752686e-01
-2.915910482406616211e+00
7.598278522491455078e-01
1.221056953072547913e-01
-6.951133608818054199e-01
3.823110461235046387e-01
-2.215433418750762939e-01
4.309839308261871338e-01
-8.847362399101257324e-01
-3.594144284725189209e-01
2.011217027902603149e-01
1.802122145891189575e-01
-8.154966235160827637e-01
-9.219612926244735718e-02
-3.300702869892120361e-01
1.987187117338180542e-01
7.196518778800964355e-01
1.126062154769897461e+00
1.134555563330650330e-01
-6.258342266082763672e-01
-5.630103945732116699e-01
-5.543832853436470032e-02
-9.630718231201171875e-01
-1.054832816123962402e+00
-1.298018455505371094e+00
9.649077057838439941e-01
-1.988886445760726929e-01
5.508396308869123459e-03
-5.581301078200340271e-02
7.055525481700897217e-02
-5.018326044082641602e-01
-1.474308013916015625e+00
8.848038502037525177e-03
-7.379606366157531738e-01
-2.978302538394927979e-01
-1.652920246124267578e-01
7.312764972448348999e-02
6.735533475875854492e-01
-6.799061298370361328e-01
6.138088703155517578e-01
2.718937695026397705e-01
-1.367226094007492065e-01
-2.504110634326934814e-01
-3.621968030929565430e-01
-3.858558535575866699e-01
-4.807553589344024658e-01
-8.421743512153625488e-01
5.919332504272460938e-01
-3.552299737930297852e-01
4.071277379989624023e-01
4.092955291271209717e-01
-8.502756804227828979e-02
4.811637401580810547e-01
-4.131062626838684082e-01
-3.611983358860015869e-01
-4.802300408482551575e-02
-3.226102143526077271e-02
5.902924537658691406e-01
3.736958503723144531e-01
-5.972018837928771973e-02
-1.791033744812011719e-01
2.330380231142044067e-01
2.578710913658142090e-01
3.853032886981964111e-01
-7.074726819992065430e-01
6.100847125053405762e-01
-1.129282355308532715e+00
-4.572082757949829102e-01
-4.891632497310638428e-01
-2.307385355234146118e-01
2.182168327271938324e-02
-2.998691201210021973e-01
3.987017273902893066e-01
-2.813015282154083252e-01
-3.005557321012020111e-02
6.038135886192321777e-01
-5.187152624130249023e-01
2.949945032596588135e-01
1.096506953239440918e+00
-6.266036033630371094e-01
7.673397064208984375e-01
-1.531653944402933121e-02
-5.832231044769287109e-01
-7.317662239074707031e-01
1.029382705688476562e+00
-1.693608313798904419e-01
-1.918231248855590820e-01
-2.927797436714172363e-01
4.403172433376312256e-01
-3.397226631641387939e-01
2.117951363325119019e-01
1.638190031051635742e+00
-5.314025282859802246e-01
3.555023670196533203e-01
6.911622881889343262e-01
3.421401605010032654e-02
-3.180918693542480469e-01
-1.330412030220031738e-01
1.472181081771850586e+00
2.758979201316833496e-01
-1.255274534225463867e+00
7.817353606224060059e-01
-8.806583881378173828e-01
-1.873570233583450317e-01
4.871047139167785645e-01
-6.381309628486633301e-01
2.530089020729064941e-01
6.532623618841171265e-02
5.534625053405761719e-01
4.298141896724700928e-01
1.493741154670715332e+00
-8.617051690816879272e-02
-4.005664587020874023e-01
-4.572366774082183838e-01
-1.122104406356811523e+00
8.870528340339660645e-01
8.847944140434265137e-01
-3.642928302288055420e-01
-1.880545616149902344e-01
-5.399253964424133301e-01
6.224344372749328613e-01
-6.922159790992736816e-01
-1.267405033111572266e+00
1.739916920661926270e+00
7.465497851371765137e-01
-5.294008255004882812e-01
3.143230080604553223e-01
-3.917320445179939270e-02
6.191466450691223145e-01
2.407728731632232666e-01
-3.567718565464019775e-01
-3.120823800563812256e-01
1.216713309288024902e+00
-4.596054553985595703e-01
-7.808817028999328613e-01
-7.170013338327407837e-02
-2.563759982585906982e-01
6.831657886505126953e-01
-8.874629139900207520e-01
8.496117591857910156e-01
-3.906729444861412048e-02
6.284444928169250488e-01
-1.121072173118591309e-01
-1.411283135414123535e+00
-1.004805564880371094e+00
-8.863231539726257324e-01
-8.700950741767883301e-01
-1.064312577247619629e+00
1.292169839143753052e-01
-1.890681982040405273e-01
-3.443218469619750977e-01
4.513358175754547119e-01
-4.283486902713775635e-01
8.427435159683227539e-02
-4.067745804786682129e-01
1.283719539642333984e+00
1.419778704643249512e+00
7.603827118873596191e-02
6.666938066482543945e-01
2.296512573957443237e-01
4.039682447910308838e-01
-1.126910567283630371e+00
-7.389132976531982422e-01
1.310438036918640137e+00
-4.940553009510040283e-01
4.020324647426605225e-01
1.989353299140930176e-01
-3.028166829608380795e-04
5.874758362770080566e-01
7.202222198247909546e-02
-2.434625625610351562e-01
-2.910336554050445557e-01
-7.683168649673461914e-01
-2.074002623558044434e-01
-2.016767412424087524e-01
-6.926579028367996216e-02
1.345170009881258011e-02
6.791180372238159180e-02
2.229525893926620483e-01
1.119124516844749451e-01
-6.138574331998825073e-02
5.115215778350830078e-01
8.601339459419250488e-01
-4.623936712741851807e-01
1.007232815027236938e-01
4.361012578010559082e-01
2.188069224357604980e-01
-4.874995946884155273e-01
2.016335576772689819e-01
1.562269125133752823e-02
1.905189305543899536e-01
-1.275630742311477661e-01
-9.627067446708679199e-01
8.173163235187530518e-02
-7.317122220993041992e-01
7.024915218353271484e-01
-6.377606391906738281e-01
-2.788918316364288330e-01
5.674730539321899414e-01
2.088008373975753784e-01
4.884355142712593079e-02
4.178599715232849121e-01
9.342910349369049072e-02
-2.475869283080101013e-02
3.830601274967193604e-01
6.213201284408569336e-01
-7.417304515838623047e-01
-5.475579500198364258e-01
-3.098151683807373047e-01
3.244457244873046875e-01
-2.654591202735900879e-01
-9.756321310997009277e-01
-7.495708465576171875e-01
2.023423761129379272e-01
-1.005403399467468262e+00
-5.356888175010681152e-01
-2.614452838897705078e-01
2.692997157573699951e-01
8.992794156074523926e-01
-1.629357933998107910e+00
4.295519292354583740e-01
-3.524596691131591797e-01
-3.049196302890777588e-01
1.814828962087631226e-01
-2.980806231498718262e-01
4.984171986579895020e-01
2.445222735404968262e-01
1.593434453010559082e+00
-3.426135182380676270e-01
-6.967050433158874512e-01
1.708652257919311523e+00
-2.527056634426116943e-01
8.805861473083496094e-01
9.723951220512390137e-01
2.288969457149505615e-01
2.474405914545059204e-01
-5.575133562088012695e-01
5.134626291692256927e-03
-2.517892420291900635e-01
1.179985255002975464e-01
-1.006871819496154785e+00
-1.472263783216476440e-01
1.308136940002441406e+00
7.410497069358825684e-01
5.736905932426452637e-01
1.074326515197753906e+00
3.992632925510406494e-01
4.077858030796051025e-01
-3.442710041999816895e-01
-1.040625095367431641e+00
-1.002079695463180542e-01
3.294418156147003174e-01
6.076036095619201660e-01
1.632282584905624390e-01
4.241120219230651855e-01
-6.643846035003662109e-01
-4.565685093402862549e-01
1.916903406381607056e-01
-1.934384107589721680e-01
1.187254071235656738e+00
-2.938545048236846924e-01
-1.684438884258270264e-01
-2.822737693786621094e-01
-2.265085726976394653e-01
-1.109056115150451660e+00
1.711283177137374878e-01
-4.790930449962615967e-01
1.668120622634887695e-01
5.286580324172973633e-01
1.453908681869506836e-01
-7.260730862617492676e-01
5.246979743242263794e-02
-7.969372272491455078e-01
5.428788065910339355e-01
4.300312101840972900e-01
-8.402203917503356934e-01
-7.966892719268798828e-01
4.022870957851409912e-01
-1.893164664506912231e-01
1.628894060850143433e-01
4.520881474018096924e-01
-1.165997147560119629e+00
-1.580389738082885742e+00
-1.632834911346435547e+00
-2.096778899431228638e-01
-2.396295219659805298e-01
4.564033746719360352e-01
-1.820844262838363647e-01
-1.977877765893936157e-01
-1.034839153289794922e+00
5.388967990875244141e-01
6.376262903213500977e-01
-1.184330821037292480e+00
9.098434448242187500e-01
2.408446073532104492e-01
-8.141030669212341309e-01
7.773814201354980469e-01
1.868404388427734375e+00
3.235344588756561279e-01
3.253894746303558350e-01
6.501575708389282227e-01
-2.224813699722290039e-01
2.945118665695190430e+00
-5.160219073295593262e-01
-1.900331526994705200e-01
9.557120501995086670e-02
-1.296025812625885010e-01
-5.476143956184387207e-02
-7.740467786788940430e-01
2.416058676317334175e-03
5.658408403396606445e-01
-4.335004985332489014e-01
4.617701470851898193e-01
4.084792137145996094e-01
8.266933560371398926e-01
5.293171405792236328e-01
-1.612887382507324219e-01
5.570129305124282837e-02
-3.593657314777374268e-01
-6.026623249053955078e-01
-3.962158262729644775e-01
9.791904687881469727e-02
-4.003168940544128418e-01
-3.245367705821990967e-01
-1.034989476203918457e+00
7.415195703506469727e-01
1.740498542785644531e-01
3.144422769546508789e-01
7.117271423339843750e-01
-4.198050796985626221e-01
2.217529416084289551e-01
-1.137615442276000977e+00
3.098674714565277100e-01
6.555726751685142517e-03
3.041323721408843994e-01
7.115568518638610840e-01
5.859197378158569336e-01
3.038468062877655029e-01
6.982028484344482422e-01
