-9.479235410690307617e-01
-5.034064054489135742e-01
-4.200384914875030518e-01
6.057916954159736633e-02
8.052819222211837769e-02
-8.943585157394409180e-01
-2.940318882465362549e-01
8.887231349945068359e-01
2.978849783539772034e-02
1.599363535642623901e-01
-9.278175234794616699e-02
-2.239630371332168579e-01
-7.233270406723022461e-01
-1.393309980630874634e-02
-2.422624528408050537e-01
-8.729500770568847656e-01
-6.509973853826522827e-02
-2.947889864444732666e-01
1.228296430781483650e-03
-4.707791805267333984e-01
2.331983000040054321e-01
-2.643645107746124268e-01
3.292460367083549500e-02
-5.550209879875183105e-01
-3.960607051849365234e-01
-4.704520702362060547e-01
-6.259230375289916992e-01
-2.598524391651153564e-01
9.941352605819702148e-01
7.021699547767639160e-01
8.016360998153686523e-01
2.956274449825286865e-01
5.682093277573585510e-02
1.972280889749526978e-01
1.567545384168624878e-01
1.652266830205917358e-01
4.123159348964691162e-01
8.615550398826599121e-01
1.916870027780532837e-01
-3.831085562705993652e-01
5.237673521041870117e-01
3.190383613109588623e-01
6.790840029716491699e-01
-1.391559243202209473e-01
3.134099543094635010e-01
-9.535725116729736328e-01
6.145101189613342285e-01
2.755173444747924805e-01
9.250119924545288086e-01
8.188931345939636230e-01
-9.035037159919738770e-01
6.137324571609497070e-01
9.818626642227172852e-01
5.079752802848815918e-01
-5.974474549293518066e-01
2.391506358981132507e-02
5.097895488142967224e-02
-2.778527438640594482e-01
-5.865166187286376953e-01
-3.296781182289123535e-01
7.039093226194381714e-02
4.354311525821685791e-01
-4.655884206295013428e-01
5.697353482246398926e-01
-2.754105329513549805e-01
6.695024967193603516e-01
2.147727757692337036e-01
-8.018433451652526855e-01
-5.139026641845703125e-01
-6.810787320137023926e-01
1.462885644286870956e-02
-4.526298940181732178e-01
-1.170668080449104309e-01
5.670745968818664551e-01
7.187656164169311523e-01
6.761322617530822754e-01
4.290492087602615356e-02
5.813358426094055176e-01
1.121738791465759277e+00
7.405763864517211914e-01
-2.069494873285293579e-01
-6.053422689437866211e-01
-1.023374795913696289e+00
-2.731761522591114044e-02
7.680101394653320312e-01
-3.164216578006744385e-01
-5.768201947212219238e-01
-3.265575170516967773e-01
1.826847046613693237e-01
-1.214155316352844238e+00
6.247407197952270508e-01
-1.833677589893341064e-01
8.932850360870361328e-01
1.785920858383178711e-01
3.086246550083160400e-01
-8.054326176643371582e-01
1.110380217432975769e-01
-6.369890570640563965e-01
4.050616025924682617e-01
1.045379996299743652e+00
-1.238603442907333374e-01
9.939421415328979492e-01
4.061104953289031982e-01
-1.373703628778457642e-01
4.089844822883605957e-01
2.901527285575866699e-01
5.445259213447570801e-01
1.493752121925354004e+00
-1.809585988521575928e-01
1.786980330944061279e-01
-1.409884542226791382e-01
3.244320452213287354e-01
-2.106411010026931763e-01
5.473140478134155273e-01
3.843995928764343262e-01
4.177655875682830811e-01
3.108185827732086182e-01
-6.089683771133422852e-01
-5.538691878318786621e-01
-4.449345767498016357e-01
7.272359728813171387e-01
-4.733435213565826416e-01
-7.158952355384826660e-01
1.955407112836837769e-01
-8.812124133110046387e-01
7.425244450569152832e-01
-2.785141766071319580e-01
-7.888774871826171875e-01
-1.641847044229507446e-01
-3.477775752544403076e-01
7.594616711139678955e-02
-5.582699775695800781e-01
-2.490080147981643677e-01
-3.540626913309097290e-02
1.632738560438156128e-01
-1.339230537414550781e-01
-5.185848474502563477e-01
2.497164458036422729e-01
-5.178043246269226074e-01
-9.838823676109313965e-01
6.846939325332641602e-01
-1.160318031907081604e-01
-3.970805555582046509e-02
1.271152198314666748e-01
2.436163872480392456e-01
3.462005853652954102e-01
1.001033306121826172e+00
-4.523302614688873291e-01
-2.222591936588287354e-01
-6.818561553955078125e-01
1.629790961742401123e-01
1.529307663440704346e-01
-4.966662228107452393e-01
9.046854376792907715e-01
-1.382791519165039062e+00
3.611437976360321045e-01
2.849449217319488525e-01
-3.653570115566253662e-01
1.010495051741600037e-01
-5.734091997146606445e-01
1.355210393667221069e-01
-1.006923243403434753e-01
1.947607874870300293e+00
-1.863850712776184082e+00
-3.214886188507080078e-01
-2.044896185398101807e-01
-3.291594088077545166e-01
-5.429009348154067993e-02
3.536505997180938721e-01
6.181859374046325684e-01
7.218180596828460693e-02
5.593926906585693359e-01
-1.968719065189361572e-01
-5.822626948356628418e-01
-1.559695959091186523e+00
-8.210602998733520508e-01
-4.835850000381469727e-02
1.582916080951690674e-01
3.633390665054321289e-01
-3.143334388732910156e-01
-7.330904603004455566e-01
3.013537526130676270e-01
-4.993149638175964355e-01
-2.318867109715938568e-02
2.192149907350540161e-01
-2.319264858961105347e-01
-3.167134821414947510e-01
-2.229964733123779297e+00
-4.448595046997070312e-01
-5.455899834632873535e-01
6.133198142051696777e-01
5.870645642280578613e-01
6.356678009033203125e-01
1.355482816696166992e+00
-3.849841356277465820e-01
-2.387334853410720825e-01
2.751409709453582764e-01
-1.152179837226867676e-01
1.015981659293174744e-01
-1.307953894138336182e-01
-4.222773909568786621e-01
-9.023552536964416504e-01
8.600072860717773438e-01
-1.115366294980049133e-01
5.935623049736022949e-01
8.212527036666870117e-01
-5.592079460620880127e-02
-1.258887529373168945e+00
-7.475627064704895020e-01
-8.952763676643371582e-01
-6.331781148910522461e-01
-1.347058534622192383e+00
-9.370306506752967834e-03
-4.647660553455352783e-01
3.262265920639038086e-01
-3.101906776428222656e-01
-1.278562694787979126e-01
-4.054022431373596191e-01
-2.593550644814968109e-02
9.405985474586486816e-02
-3.998387157917022705e-01
9.245780855417251587e-02
3.798415660858154297e-01
-2.751049101352691650e-01
-4.438498616218566895e-01
-6.657621860504150391e-01
1.096515536308288574e+00
-4.345432281494140625e+00
4.973494112491607666e-01
2.247581183910369873e-01
1.863374114036560059e-01
-2.509219944477081299e-01
-1.962941437959671021e-01
-7.223843336105346680e-01
6.376070976257324219e+00
-5.933170318603515625e-01
-7.633125782012939453e-01
-6.241941452026367188e-01
1.072852730751037598e+00
-7.043408751487731934e-01
9.425759315490722656e-01
-1.740625351667404175e-01
4.966796636581420898e-01
-9.768998026847839355e-01
3.206883370876312256e-01
7.539165019989013672e-01
3.591758906841278076e-01
2.580484449863433838e-01
1.020193815231323242e+00
-5.700019001960754395e-01
-2.085145264863967896e-01
7.274759411811828613e-01
-5.718497037887573242e-01
-1.966812908649444580e-01
5.731774568557739258e-01
3.810434415936470032e-02
-5.094619989395141602e-01
-3.785477578639984131e-02
1.265310496091842651e-01
9.916747361421585083e-02
4.023287072777748108e-02
-1.466634422540664673e-01
-9.342595189809799194e-02
2.057628631591796875e-01
8.515758514404296875e-01
-5.597546100616455078e-01
6.430903449654579163e-03
-2.062230184674263000e-02
4.932269752025604248e-01
6.414816379547119141e-01
1.914589554071426392e-01
-1.130315184593200684e+00
-2.086970210075378418e-01
2.638320326805114746e-01
-1.480246067047119141e+00
1.644761443138122559e+00
-7.403255701065063477e-01
2.260150015354156494e-01
-4.085851609706878662e-01
7.460394501686096191e-01
-1.133174523711204529e-01
-6.034277006983757019e-02
2.743632793426513672e-01
-1.043030738830566406e+00
8.095678687095642090e-01
3.441078364849090576e-01
3.263317942619323730e-01
1.562535613775253296e-01
-2.604171037673950195e-01
1.523550599813461304e-01
1.945319771766662598e-01
8.324799686670303345e-02
-1.163432478904724121e+00
-3.006272017955780029e-02
5.037149190902709961e-01
1.109023451805114746e+00
2.756674289703369141e-01
2.740682847797870636e-02
-3.035707175731658936e-01
-3.271891176700592041e-01
4.318819344043731689e-01
7.856773734092712402e-01
-9.442292451858520508e-01
7.548678666353225708e-02
-1.771668046712875366e-01
2.347943335771560669e-01
8.219163417816162109e-01
1.194132491946220398e-01
4.401781558990478516e-01
3.910667300224304199e-01
-4.912361502647399902e-02
3.346488624811172485e-02
4.478050470352172852e-01
-8.817631751298904419e-04
-1.816562414169311523e-01
6.998925805091857910e-01
1.968580931425094604e-01
-2.313191741704940796e-01
9.582186490297317505e-02
5.724425315856933594e-01
2.875946760177612305e-01
1.186764687299728394e-01
-1.269972026348114014e-01
-9.644457697868347168e-01
-2.304355502128601074e-01
3.346230685710906982e-01
-1.133910417556762695e+00
-1.190792202949523926e+00
-1.027338624000549316e+00
-1.398981690406799316e+00
-2.465355992317199707e-01
-7.502470016479492188e-01
2.126229852437973022e-01
2.134071886539459229e-01
-5.910640954971313477e-01
9.865275025367736816e-01
-3.888436257839202881e-01
-3.335266709327697754e-01
1.538292169570922852e+00
-4.328331649303436279e-01
-1.167090162634849548e-01
-4.644685983657836914e-01
9.938042610883712769e-02
-7.930678129196166992e-01
1.758321076631546021e-01
2.422105818986892700e-01
1.062380552291870117e+00
6.583570837974548340e-01
-8.148858547210693359e-01
-1.525231599807739258e-01
1.816817671060562134e-01
-4.765801131725311279e-01
4.271415472030639648e-01
8.696123957633972168e-02
6.649864315986633301e-01
2.478921264410018921e-01
-7.162203080952167511e-03
-5.215169191360473633e-01
2.516127526760101318e-01
-5.770052671432495117e-01
-9.008026123046875000e-01
6.996775269508361816e-01
5.753102302551269531e-01
4.661177992820739746e-01
-1.846804767847061157e-01
-1.337973624467849731e-01
-3.781394362449645996e-01
1.134168982505798340e+00
5.722761154174804688e-01
8.186316490173339844e-01
-6.738581657409667969e-01
2.117804251611232758e-03
-2.189015746116638184e-01
-3.345213532447814941e-01
-7.845776677131652832e-01
-3.164159655570983887e-01
5.971243977546691895e-01
-3.335714340209960938e-01
-3.311006352305412292e-02
-2.852529287338256836e-01
1.291888356208801270e+00
-1.041366934776306152e+00
1.544620275497436523e+00
-1.628945469856262207e-01
4.908146262168884277e-01
5.240313410758972168e-01
2.546614408493041992e-01
-4.716860353946685791e-01
2.262411266565322876e-01
-9.270280599594116211e-01
-1.006247758865356445e+00
2.797805964946746826e-01
-5.296387672424316406e-01
-3.486003279685974121e-01
-1.112200021743774414e+00
7.172589302062988281e-01
1.016736865043640137e+00
3.703939914703369141e-02
2.130874395370483398e-01
2.975690066814422607e-01
2.357235699892044067e-01
7.587309479713439941e-01
-7.107285410165786743e-02
-1.080275028944015503e-01
-5.358695983886718750e-02
-5.257414579391479492e-01
3.078154921531677246e-01
-3.038144409656524658e-01
-2.730640470981597900e-01
-1.861626096069812775e-02
-3.716247379779815674e-01
1.091462731361389160e+00
7.090536504983901978e-02
9.774655699729919434e-01
-5.010510236024856567e-02
-7.476925849914550781e-01
2.002564221620559692e-01
-1.324810385704040527e+00
1.310696005821228027e-01
-4.853024780750274658e-01
1.386266946792602539e+00
7.499482035636901855e-01
5.071967840194702148e-01
-4.719838798046112061e-01
7.944498658180236816e-01
-4.686960875988006592e-01
-8.063682317733764648e-01
-5.620564818382263184e-01
4.286631345748901367e-01
2.879021167755126953e-01
-9.792214632034301758e-01
-2.506402432918548584e-01
-5.704830959439277649e-02
5.649726390838623047e-01
-2.517371438443660736e-02
1.282541751861572266e-01
4.433580636978149414e-01
-9.035699963569641113e-01
8.769574761390686035e-01
7.268531918525695801e-01
4.142916500568389893e-01
-9.360454082489013672e-01
-2.522988915443420410e-01
-5.363884568214416504e-02
2.631268203258514404e-01
4.359697401523590088e-01
-9.846308231353759766e-01
-2.528327107429504395e-01
9.538331031799316406e-01
-1.144303917884826660e+00
4.980847239494323730e-02
4.643076658248901367e-01
-1.054011106491088867e+00
8.498664200305938721e-02
4.921714365482330322e-01
-3.340211510658264160e-01
-2.088154703378677368e-01
1.648174971342086792e-01
-1.759721785783767700e-01
4.285098910331726074e-01
-1.198308467864990234e+00
4.765452742576599121e-01
-7.831637263298034668e-01
-5.304724350571632385e-02
-3.983872532844543457e-01
4.747057259082794189e-01
-1.104868277907371521e-01
2.421121299266815186e-01
9.917883276939392090e-01
8.697441816329956055e-01
-1.783504784107208252e-01
-5.721617341041564941e-01
-9.929819703102111816e-01
7.132875323295593262e-01
-8.147412538528442383e-01
9.151558578014373779e-02
-3.014438785612583160e-02
1.162672996520996094e+00
1.197590902447700500e-01
1.308263897895812988e+00
1.904138177633285522e-01
-6.939072161912918091e-02
-3.915677964687347412e-01
-3.047018051147460938e-01
1.997966468334197998e-01
1.374305933713912964e-01
1.617667078971862793e-02
-2.423285320401191711e-02
9.128316044807434082e-01
6.397690773010253906e-01
-1.113115429878234863e+00
-5.610627532005310059e-01
-9.980525374412536621e-01
8.001783490180969238e-01
2.632269561290740967e-01
-9.492390751838684082e-01
-7.135154604911804199e-01
2.417646348476409912e-01
9.280765652656555176e-01
7.751533985137939453e-01
-6.366696357727050781e-01
2.146797180175781250e-01
1.219754099845886230e+00
6.074947714805603027e-01
-4.470913410186767578e-01
2.841631770133972168e-01
-1.213631749153137207e+00
3.001539111137390137e-01
3.403819203376770020e-01
1.396441180258989334e-02
1.218498572707176208e-01
9.322818517684936523e-01
2.759790420532226562e-01
7.381852269172668457e-01
-8.715480566024780273e-01
7.807663083076477051e-01
-1.440842598676681519e-01
8.902440071105957031e-01
-4.033800661563873291e-01
-5.507022738456726074e-01
3.355428576469421387e-01
-7.461569309234619141e-01
2.372490912675857544e-01
-1.971669495105743408e-01
-2.038333564996719360e-01
5.807253345847129822e-02
9.872045516967773438e-01
-9.394772648811340332e-01
-9.695162177085876465e-01
8.238765597343444824e-01
-4.480621516704559326e-01
7.899208664894104004e-01
-7.082781791687011719e-01
1.166670560836791992e+00
-1.218997001647949219e+00
-1.314882040023803711e-01
3.466087281703948975e-01
-8.020015805959701538e-02
-3.066169023513793945e-01
3.497903048992156982e-01
-3.204551339149475098e-01
-5.632558465003967285e-01
-4.364248812198638916e-01
-1.329687088727951050e-01
-6.530677676200866699e-01
2.356271594762802124e-01
1.377513408660888672e-01
3.281690478324890137e-01
-7.302358746528625488e-01
7.270222306251525879e-01
-8.017241954803466797e-01
3.717824444174766541e-02
3.100551366806030273e-01
7.942718863487243652e-01
-9.621630311012268066e-01
-1.241941571235656738e+00
-5.682210326194763184e-01
-4.399072527885437012e-01
-5.063949823379516602e-01
2.493058890104293823e-01
-1.784338802099227905e-01
-6.980656087398529053e-02
-4.243189096450805664e-01
-8.164172768592834473e-01
6.542618274688720703e-01
2.424989938735961914e-01
5.166277885437011719e-01
-2.481000721454620361e-01
6.915847212076187134e-02
-9.658603668212890625e-01
-8.606400489807128906e-01
-5.494023561477661133e-01
-7.382103055715560913e-02
6.858193874359130859e-01
-1.178153753280639648e+00
2.605865299701690674e-01
-4.503539204597473145e-01
-3.978310152888298035e-02
-9.052550792694091797e-01
-3.035469949245452881e-01
2.281658798456192017e-01
8.970857858657836914e-01
4.758395850658416748e-01
-1.075594782829284668e+00
-6.873099505901336670e-02
-1.055252313613891602e+00
-6.576382517814636230e-01
7.155245542526245117e-02
-1.412061750888824463e-01
-2.011679410934448242e-01
-1.860244125127792358e-01
-3.499554097652435303e-01
-4.063439667224884033e-01
6.964765191078186035e-01
7.188777923583984375e-01
5.375260710716247559e-01
1.864123344421386719e-01
-5.138162374496459961e-01
8.452466875314712524e-02
-4.157679975032806396e-01
-4.866384267807006836e-01
5.917324870824813843e-02
-6.995511054992675781e-01
5.383909940719604492e-01
1.172501206398010254e+00
-1.616350412368774414e-01
1.407209187746047974e-01
-1.846535354852676392e-01
-7.195675969123840332e-01
2.148838788270950317e-01
-5.087243318557739258e-01
-3.607193529605865479e-01
8.860239982604980469e-01
-7.610674500465393066e-01
-1.495374321937561035e+00
3.374382853507995605e-01
4.630734026432037354e-01
6.225910186767578125e-01
3.986980319023132324e-01
-1.004268042743206024e-02
-1.086351513862609863e+00
-4.615519940853118896e-01
-6.737751364707946777e-01
-2.918514311313629150e-01
-1.500831842422485352e-01
-8.071184754371643066e-01
1.332602858543395996e+00
-4.213088005781173706e-02
2.063113152980804443e-01
6.242358088493347168e-01
2.458221316337585449e-01
-3.139648735523223877e-01
1.067582726478576660e+00
-1.610331982374191284e-02
-4.676111042499542236e-01
1.211464405059814453e+00
5.865538120269775391e-01
-6.766818761825561523e-01
6.061362028121948242e-01
6.778270006179809570e-02
5.963602662086486816e-01
-4.085600972175598145e-01
8.792353421449661255e-02
1.221559524536132812e+00
-7.707730531692504883e-01
-4.224947690963745117e-01
-5.432829856872558594e-01
-2.268793731927871704e-01
2.253653258085250854e-01
-1.264895051717758179e-01
5.893493890762329102e-01
-1.866291463375091553e-01
-2.202885597944259644e-02
-1.278927624225616455e-01
-4.954600930213928223e-01
8.951237201690673828e-01
7.697397470474243164e-01
-6.639636754989624023e-01
-2.843372821807861328e-01
7.817395776510238647e-02
-3.155273795127868652e-01
-1.027781486511230469e+00
-3.591313660144805908e-01
4.870621860027313232e-01
-6.498571038246154785e-01
3.826030790805816650e-01
-4.632840156555175781e-01
1.112208008766174316e+00
-8.361777663230895996e-01
-5.518635511398315430e-01
-3.561294078826904297e-01
-1.330697089433670044e-01
-2.248507589101791382e-01
2.659301161766052246e-01
3.062296509742736816e-01
3.671962022781372070e-01
-4.512224197387695312e-01
7.698283195495605469e-01
-9.102752804756164551e-02
5.832252502441406250e-01
-8.869543075561523438e-01
7.454866766929626465e-01
-3.840180635452270508e-01
-2.510880231857299805e-01
-5.057659149169921875e-01
7.781031727790832520e-01
-3.544202744960784912e-01
-8.293733000755310059e-02
-5.147455260157585144e-02
-5.991929396986961365e-02
-7.707034945487976074e-01
2.619907557964324951e-01
-8.491654396057128906e-01
-7.865406274795532227e-01
-1.039895176887512207e+00
-5.521102622151374817e-02
3.992850780487060547e-01
-3.756016492843627930e-01
3.699259161949157715e-01
-1.207575321197509766e+00
4.754061345010995865e-03
1.051431059837341309e+00
8.721808791160583496e-01
3.234208524227142334e-01
-8.920972943305969238e-01
-1.551263630390167236e-01
1.405682325363159180e+00
4.727697372436523438e-01
8.596738576889038086e-01
-1.583488285541534424e-01
-3.537919744849205017e-02
7.326820492744445801e-01
-2.295271605253219604e-01
1.264674186706542969e+00
-4.165202975273132324e-01
2.137070596218109131e-01
5.023746490478515625e-01
-6.976768374443054199e-01
-1.993811577558517456e-01
-4.152590930461883545e-01
1.978853046894073486e-01
-2.625836133956909180e-01
3.980204761028289795e-01
-3.009993731975555420e-01
4.046166688203811646e-02
-3.023887574672698975e-01
2.099748849868774414e-01
-2.700288891792297363e-01
-2.859256267547607422e-01
-1.977247297763824463e-01
-4.271378219127655029e-01
1.051991462707519531e+00
-2.677924633026123047e-01
-3.554693162441253662e-01
-5.720018148422241211e-01
-7.094348669052124023e-01
-5.248515009880065918e-01
-6.594114899635314941e-01
-8.815520256757736206e-02
4.517223238945007324e-01
-7.159882187843322754e-01
-2.945767045021057129e-01
2.946102023124694824e-01
2.230054698884487152e-02
6.016277074813842773e-01
-6.322934478521347046e-02
7.479671835899353027e-01
-2.527534216642379761e-02
9.399849176406860352e-01
4.609196484088897705e-01
8.387365341186523438e-01
-3.562728166580200195e-01
2.192552536725997925e-01
-6.856225728988647461e-01
-1.975658982992172241e-01
-7.687430828809738159e-02
-2.432073354721069336e-01
-1.300258636474609375e+00
-6.929480005055665970e-03
1.527754515409469604e-01
-1.024067521095275879e+00
-7.061811685562133789e-01
6.070455908775329590e-01
3.552632033824920654e-01
-1.030418500304222107e-01
5.487213730812072754e-01
4.067407250404357910e-01
-2.476261556148529053e-01
