-1.070266962051391602e+00
-4.511554837226867676e-01
-3.587996363639831543e-01
1.073939055204391479e-01
-7.565985620021820068e-02
-1.100723028182983398e+00
-4.306344389915466309e-01
8.175852894783020020e-01
1.095083355903625488e-01
2.407266199588775635e-02
-7.481245696544647217e-02
-3.594316542148590088e-01
-9.475879669189453125e-01
2.064625024795532227e-01
-2.097666710615158081e-01
-8.473557233810424805e-01
2.438417226076126099e-01
-1.701468080282211304e-01
7.878609746694564819e-02
-5.716716051101684570e-01
3.256462514400482178e-01
-4.132838845252990723e-01
-5.370558053255081177e-02
-4.862093031406402588e-01
-5.266526341438293457e-01
-3.174741268157958984e-01
-1.045900583267211914e+00
-4.662923812866210938e-01
1.035728216171264648e+00
7.473747730255126953e-01
9.219328761100769043e-01
3.853014409542083740e-01
7.076187431812286377e-02
1.899275034666061401e-01
1.752886325120925903e-01
1.773942559957504272e-01
5.224053859710693359e-01
1.171671867370605469e+00
1.572799384593963623e-01
-5.744288563728332520e-01
2.428988963365554810e-01
3.507935106754302979e-01
9.151334762573242188e-01
-1.144698411226272583e-01
4.282036721706390381e-01
-9.342511892318725586e-01
5.130137205123901367e-01
2.715683579444885254e-01
8.644980192184448242e-01
7.919298410415649414e-01
-1.097722887992858887e+00
5.899672508239746094e-01
9.319843053817749023e-01
6.214366555213928223e-01
-6.123601198196411133e-01
-2.040119171142578125e-01
1.141848936676979065e-01
-2.661287784576416016e-01
-6.595976948738098145e-01
-5.505456924438476562e-01
1.570114493370056152e-01
4.338873028755187988e-01
-5.064311027526855469e-01
4.211708605289459229e-01
-2.681327462196350098e-01
6.276878118515014648e-01
-1.152173280715942383e-01
-8.856943845748901367e-01
-6.327017545700073242e-01
-5.455359220504760742e-01
-2.801483273506164551e-01
-5.054732561111450195e-01
-1.074576564133167267e-02
6.422759890556335449e-01
8.113092184066772461e-01
7.507824897766113281e-01
8.389125019311904907e-02
6.612263917922973633e-01
1.483013272285461426e+00
8.035659790039062500e-01
-9.085488319396972656e-02
-5.253035426139831543e-01
-1.277909517288208008e+00
-4.465215280652046204e-02
9.745810627937316895e-01
-3.663783669471740723e-01
-5.413907170295715332e-01
-5.612306594848632812e-01
2.027919292449951172e-01
-1.341827988624572754e+00
6.255246400833129883e-01
1.044111885130405426e-02
1.013258695602416992e+00
7.266038656234741211e-02
2.603425383567810059e-01
-7.410770654678344727e-01
1.326216161251068115e-01
-5.898360013961791992e-01
3.590745925903320312e-01
9.432388544082641602e-01
1.035880576819181442e-02
1.402714967727661133e+00
7.097774147987365723e-01
-2.220975793898105621e-02
3.437886834144592285e-01
2.994406819343566895e-01
7.008032798767089844e-01
1.690865874290466309e+00
-2.588418424129486084e-01
1.132580265402793884e-01
5.279204994440078735e-02
3.597417771816253662e-01
-2.610312104225158691e-01
6.117301583290100098e-01
5.390691757202148438e-01
6.100026965141296387e-01
4.877292215824127197e-01
-1.695532947778701782e-01
-5.624702572822570801e-01
-4.038277566432952881e-01
7.556978464126586914e-01
-2.885547578334808350e-01
-7.432574033737182617e-01
1.094538122415542603e-01
-1.146288156509399414e+00
7.609854936599731445e-01
-1.805198937654495239e-01
-8.837345838546752930e-01
-1.699526309967041016e-01
-1.639620214700698853e-01
9.068010002374649048e-02
-4.610172808170318604e-01
-3.066370487213134766e-01
-1.356669366359710693e-01
4.030520915985107422e-01
2.607715502381324768e-02
-4.417168200016021729e-01
1.990699470043182373e-01
-6.635509729385375977e-01
-1.167678475379943848e+00
5.320675969123840332e-01
-2.202725857496261597e-01
-7.652738597244024277e-03
2.785863876342773438e-01
2.338986098766326904e-01
4.309454560279846191e-01
1.023981332778930664e+00
-6.814178228378295898e-01
-4.298291206359863281e-01
-6.331576108932495117e-01
3.959384560585021973e-01
2.239477187395095825e-01
-4.271511435508728027e-01
9.298799633979797363e-01
-1.681110978126525879e+00
1.545978486537933350e-01
6.540371775627136230e-01
-4.872420430183410645e-01
7.608766853809356689e-02
-7.902945280075073242e-01
4.729522392153739929e-02
-7.150717824697494507e-02
2.092549562454223633e+00
-2.883565425872802734e+00
-4.736093580722808838e-01
-9.038704633712768555e-02
-2.212976217269897461e-01
8.538822829723358154e-02
1.734275072813034058e-01
6.481043100357055664e-01
1.289950907230377197e-01
6.646472215652465820e-01
-3.873048424720764160e-01
-7.165453433990478516e-01
-1.483278274536132812e+00
-9.334543347358703613e-01
7.422043383121490479e-02
2.384479492902755737e-01
4.466510713100433350e-01
-6.664379835128784180e-01
-6.431533098220825195e-01
3.412716388702392578e-01
-5.419161915779113770e-01
3.618121147155761719e-02
1.167447566986083984e-01
-3.182882666587829590e-01
-4.250919222831726074e-01
-2.391782283782958984e+00
-4.803259372711181641e-01
-6.485612392425537109e-01
5.573366880416870117e-01
8.506740331649780273e-01
4.672670960426330566e-01
1.328121423721313477e+00
-5.587049722671508789e-01
-1.795209497213363647e-01
1.828087717294692993e-01
-1.939391195774078369e-01
-2.236259914934635162e-02
4.823153465986251831e-02
-3.815222084522247314e-01
-9.849206209182739258e-01
7.041959762573242188e-01
3.394893556833267212e-02
7.507163882255554199e-01
6.923857927322387695e-01
-1.652790606021881104e-02
-1.344534039497375488e+00
-8.413303494453430176e-01
-1.011897802352905273e+00
-6.202554702758789062e-01
-1.382909297943115234e+00
-5.288790538907051086e-02
-5.350376367568969727e-01
2.455439269542694092e-01
-1.608115285634994507e-01
-3.309824764728546143e-01
-5.284889340400695801e-01
-4.354363381862640381e-01
4.730980470776557922e-02
-3.849992752075195312e-01
-3.045451082289218903e-02
3.953464925289154053e-01
-1.808047741651535034e-01
-2.450681477785110474e-01
-8.176638484001159668e-01
1.148739814758300781e+00
-2.377641916275024414e+00
4.974657595157623291e-01
-5.129881575703620911e-02
3.218550980091094971e-01
-4.077031612396240234e-01
-1.641628593206405640e-01
-6.587103605270385742e-01
6.389191150665283203e+00
-4.152998328208923340e-01
-7.242028117179870605e-01
-5.842646360397338867e-01
9.594599604606628418e-01
-5.453713536262512207e-01
8.935450315475463867e-01
-1.190167218446731567e-01
5.609949231147766113e-01
-8.141093254089355469e-01
2.577520906925201416e-01
8.821923136711120605e-01
2.227133214473724365e-01
1.521883159875869751e-01
1.195205688476562500e+00
-1.008129477500915527e+00
-5.575926899909973145e-01
7.641656398773193359e-01
-3.223887979984283447e-01
-3.824678063392639160e-01
7.380314469337463379e-01
-8.290120959281921387e-02
-6.653908491134643555e-01
4.916442185640335083e-02
1.939738243818283081e-01
3.532712534070014954e-02
-5.320115014910697937e-02
-3.410845994949340820e-01
-1.906033456325531006e-01
3.696349263191223145e-01
1.105470061302185059e+00
-6.076475381851196289e-01
1.289236545562744141e-01
1.198346838355064392e-01
3.738027513027191162e-01
6.573530435562133789e-01
2.911162003874778748e-02
-1.345707535743713379e+00
-3.168340325355529785e-01
2.466514855623245239e-01
-1.518062472343444824e+00
1.786632895469665527e+00
-8.353391885757446289e-01
6.309392862021923065e-03
-5.814518332481384277e-01
6.269820928573608398e-01
-1.716538816690444946e-01
-2.869440913200378418e-01
1.587896347045898438e-01
-1.225254774093627930e+00
8.330159187316894531e-01
3.610613942146301270e-01
3.811765909194946289e-01
3.035525679588317871e-01
-1.151096001267433167e-01
6.822309643030166626e-02
2.164440155029296875e-01
2.242856472730636597e-01
-1.367577791213989258e+00
-6.889804452657699585e-02
4.428142011165618896e-01
1.041614770889282227e+00
2.879439890384674072e-01
8.007273823022842407e-02
-2.921387553215026855e-01
-4.355966150760650635e-01
4.685437083244323730e-01
9.737699627876281738e-01
-9.979910850524902344e-01
1.389852762222290039e-01
1.422394514083862305e-01
1.926869153976440430e-01
9.397763013839721680e-01
-5.792652443051338196e-02
5.418361425399780273e-01
4.132760465145111084e-01
-7.405232638120651245e-02
-6.605967879295349121e-03
5.630683302879333496e-01
-4.579828679561614990e-01
-2.639983296394348145e-01
6.989336609840393066e-01
3.501997292041778564e-01
-2.009675800800323486e-01
1.684765815734863281e-01
6.160591840744018555e-01
3.858408927917480469e-01
1.778550595045089722e-01
-2.188615351915359497e-01
-1.018980145454406738e+00
-2.781930863857269287e-01
2.145812064409255981e-01
-1.374457359313964844e+00
-1.249093532562255859e+00
-1.036193966865539551e+00
-1.361279487609863281e+00
-1.898145973682403564e-01
-7.525988817214965820e-01
2.413404285907745361e-01
3.846731483936309814e-01
-5.209304094314575195e-01
8.923773765563964844e-01
-6.067657470703125000e-01
-2.791755199432373047e-01
1.611755728721618652e+00
-5.481370091438293457e-01
-1.070357784628868103e-01
-5.164293050765991211e-01
1.290923655033111572e-01
-8.526080846786499023e-01
1.383267194032669067e-01
9.597642719745635986e-02
1.114873647689819336e+00
6.841138601303100586e-01
-8.136010169982910156e-01
-1.976399719715118408e-01
8.445832133293151855e-02
-5.596610307693481445e-01
2.486595660448074341e-01
-1.380876153707504272e-01
9.526429176330566406e-01
2.247955799102783203e-01
2.017114162445068359e-01
-5.127207040786743164e-01
3.955304622650146484e-01
-6.963113546371459961e-01
-9.470319747924804688e-01
8.800832033157348633e-01
6.337121129035949707e-01
5.940476655960083008e-01
-3.583671748638153076e-01
-5.032406374812126160e-02
-4.232280254364013672e-01
1.541206359863281250e+00
4.552559852600097656e-01
9.526144862174987793e-01
-6.105553507804870605e-01
1.503957509994506836e-01
-1.829101592302322388e-01
-3.679475188255310059e-01
-9.227677583694458008e-01
-4.137695431709289551e-01
3.265851736068725586e-01
-3.469060957431793213e-01
-5.000523328781127930e-01
-4.476631283760070801e-01
1.495383739471435547e+00
-1.028055787086486816e+00
1.442633390426635742e+00
-2.970703542232513428e-01
7.062872052192687988e-01
4.033810198307037354e-01
1.906324326992034912e-01
-1.028966188430786133e+00
1.873976290225982666e-01
-1.035468339920043945e+00
-1.004514932632446289e+00
3.327792286872863770e-01
-5.247568488121032715e-01
-2.315279245376586914e-01
-1.322460412979125977e+00
7.737688422203063965e-01
9.806026220321655273e-01
-9.508334100246429443e-02
1.414002925157546997e-01
1.824720203876495361e-01
1.418367028236389160e-01
8.712431192398071289e-01
1.285535842180252075e-01
-1.094764024019241333e-01
-9.201962500810623169e-02
-3.431239724159240723e-01
2.840000987052917480e-01
-3.696474432945251465e-01
-2.043110579252243042e-01
1.708337478339672089e-02
-2.202446460723876953e-01
1.205807328224182129e+00
1.697961986064910889e-01
8.545438647270202637e-01
1.121889948844909668e-01
-9.540067911148071289e-01
-1.479951441287994385e-01
-1.397225618362426758e+00
1.658938229084014893e-01
-7.486979365348815918e-01
1.097546815872192383e+00
9.544349908828735352e-01
5.447646379470825195e-01
-9.065957069396972656e-01
8.687022328376770020e-01
-3.640871047973632812e-01
-9.725130200386047363e-01
-4.418323934078216553e-01
6.845391988754272461e-01
2.655622363090515137e-01
-1.400598764419555664e+00
-4.641043543815612793e-01
1.182793006300926208e-01
5.217264890670776367e-01
6.124446541070938110e-02
1.213327273726463318e-01
3.297193646430969238e-01
-9.557332992553710938e-01
8.230279684066772461e-01
7.246763706207275391e-01
5.602587461471557617e-01
-9.177095293998718262e-01
-1.476185470819473267e-01
-1.714454889297485352e-01
3.720121383666992188e-01
3.301672637462615967e-01
-8.911739587783813477e-01
-2.708224058151245117e-01
1.077793717384338379e+00
-1.112904548645019531e+00
8.135464973747730255e-03
9.199546575546264648e-01
-8.988790512084960938e-01
2.192261964082717896e-01
-4.899091273546218872e-02
-3.413715660572052002e-01
-2.226872891187667847e-01
2.261068373918533325e-01
-1.381279081106185913e-01
3.972777128219604492e-01
-1.363986015319824219e+00
4.958314299583435059e-01
-7.792329788208007812e-01
-1.468130052089691162e-01
-6.645482182502746582e-01
5.743439793586730957e-01
1.636164486408233643e-01
2.212657928466796875e-01
1.067496776580810547e+00
6.328768730163574219e-01
-1.003172025084495544e-01
-6.770755052566528320e-01
-8.786315917968750000e-01
9.250441789627075195e-01
-7.450307607650756836e-01
1.072615198791027069e-02
-7.617910206317901611e-02
1.242317914962768555e+00
2.124651968479156494e-01
1.707397818565368652e+00
2.172755300998687744e-01
2.074604481458663940e-02
-3.098093271255493164e-01
-4.359671473503112793e-01
1.652020514011383057e-01
3.180909156799316406e-01
1.278680264949798584e-01
-2.513270080089569092e-01
1.161230802536010742e+00
6.263908743858337402e-01
-1.647174119949340820e+00
-6.125689744949340820e-01
-1.113663673400878906e+00
7.073155045509338379e-01
3.890925049781799316e-01
-1.162003397941589355e+00
-7.337026596069335938e-01
2.234405577182769775e-01
1.093522906303405762e+00
1.173816800117492676e+00
-5.741773843765258789e-01
5.158244967460632324e-01
1.275544166564941406e+00
8.998085260391235352e-01
-5.396077036857604980e-01
3.052248358726501465e-01
-1.135041236877441406e+00
2.544780671596527100e-01
4.661501944065093994e-01
1.337759047746658325e-01
2.312068939208984375e-01
1.028989195823669434e+00
3.608549237251281738e-01
7.598415613174438477e-01
-1.033606886863708496e+00
9.127678871154785156e-01
-1.625533550977706909e-01
8.206182718276977539e-01
-5.506386756896972656e-01
-5.349799990653991699e-01
2.311206310987472534e-01
-6.687964200973510742e-01
2.403547763824462891e-01
-2.399988919496536255e-01
-2.354900389909744263e-01
3.902777433395385742e-01
9.583408236503601074e-01
-1.009427070617675781e+00
-9.311559796333312988e-01
9.473618268966674805e-01
-6.015984416007995605e-01
7.850871086120605469e-01
-7.105056047439575195e-01
1.159124851226806641e+00
-1.104673624038696289e+00
-1.332982331514358521e-01
1.827163249254226685e-01
6.497238576412200928e-02
-4.421377778053283691e-01
8.467392921447753906e-01
-5.647388696670532227e-01
-2.903538644313812256e-01
-3.918239176273345947e-01
-1.247149482369422913e-01
-8.726531863212585449e-01
1.680462807416915894e-01
2.051348388195037842e-01
2.320750206708908081e-01
-9.915190935134887695e-01
8.050336837768554688e-01
-7.884944677352905273e-01
1.151015311479568481e-01
1.961225122213363647e-01
8.804681897163391113e-01
-8.835364580154418945e-01
-1.223087072372436523e+00
-4.578475058078765869e-01
-5.896625518798828125e-01
-4.419413506984710693e-01
3.995417430996894836e-02
-1.969370692968368530e-01
-2.233632840216159821e-02
-4.370276331901550293e-01
-7.348151803016662598e-01
8.589578866958618164e-01
1.790028065443038940e-01
4.984464049339294434e-01
-2.964848279953002930e-01
2.470448464155197144e-01
-9.353173375129699707e-01
-8.891892433166503906e-01
-3.573074042797088623e-01
6.825426965951919556e-02
6.982816457748413086e-01
-1.375012874603271484e+00
3.648024201393127441e-01
-4.802842736244201660e-01
-8.217835426330566406e-02
-9.653619527816772461e-01
-6.248939633369445801e-01
2.836188077926635742e-01
1.154100894927978516e+00
5.141178369522094727e-01
-1.299443125724792480e+00
2.802644297480583191e-02
-1.099777698516845703e+00
-7.028366327285766602e-01
2.783020138740539551e-01
-3.141757547855377197e-01
-2.981749773025512695e-01
-1.889536827802658081e-01
-2.195029705762863159e-01
-4.881561696529388428e-01
6.383820772171020508e-01
8.199469447135925293e-01
3.510919213294982910e-01
2.668711245059967041e-01
-5.609539747238159180e-01
3.439297378063201904e-01
-1.899874508380889893e-01
-3.186923861503601074e-01
3.114935383200645447e-02
-3.707968890666961670e-01
4.552330076694488525e-01
1.181449413299560547e+00
-7.718223147094249725e-03
1.212466731667518616e-01
-1.561181545257568359e-01
-5.651484727859497070e-01
1.811100095510482788e-01
-5.579537749290466309e-01
-5.580763816833496094e-01
8.063713312149047852e-01
-1.006001710891723633e+00
-1.578061103820800781e+00
3.999169766902923584e-01
4.628341197967529297e-01
9.202631115913391113e-01
5.629130005836486816e-01
-1.111460104584693909e-01
-1.063445687294006348e+00
-3.828271031379699707e-01
-7.055541276931762695e-01
-6.061195731163024902e-01
-2.961371243000030518e-01
-8.710988163948059082e-01
1.562608122825622559e+00
-2.339449711143970490e-02
1.892053782939910889e-01
4.552827775478363037e-01
2.996252179145812988e-01
-7.024766504764556885e-02
1.323531866073608398e+00
9.033091366291046143e-02
-3.355572819709777832e-01
1.304202198982238770e+00
5.808945894241333008e-01
-5.292769670486450195e-01
8.369376063346862793e-01
3.909938409924507141e-02
4.804821014404296875e-01
-2.707642018795013428e-01
2.208983898162841797e-01
1.228723883628845215e+00
-8.233115077018737793e-01
-5.139837861061096191e-01
-7.769559621810913086e-01
-7.556665539741516113e-01
3.265206217765808105e-01
-7.135693728923797607e-02
7.418926954269409180e-01
-1.401863545179367065e-01
-1.283017247915267944e-01
-8.629117161035537720e-02
-5.501294136047363281e-01
8.615311384201049805e-01
6.362167596817016602e-01
-6.657727956771850586e-01
-4.572435319423675537e-01
-1.023199111223220825e-01
-4.351657927036285400e-01
-1.250869154930114746e+00
-3.109704852104187012e-01
6.001334786415100098e-01
-4.946386814117431641e-01
4.274441301822662354e-01
-5.226980447769165039e-01
1.367184042930603027e+00
-8.954252004623413086e-01
-4.171670973300933838e-01
-5.323982834815979004e-01
8.063706755638122559e-02
-1.545116603374481201e-01
2.031610012054443359e-01
4.260706007480621338e-01
6.466485857963562012e-01
-6.056290864944458008e-01
1.045224308967590332e+00
-1.393706500530242920e-01
4.871061444282531738e-01
-9.120979309082031250e-01
9.108848571777343750e-01
-4.673688411712646484e-01
-3.981104791164398193e-01
-7.994097471237182617e-01
8.517497181892395020e-01
-2.741031050682067871e-01
-2.104772627353668213e-01
-3.840939328074455261e-02
-1.590565145015716553e-01
-9.507854580879211426e-01
1.423200368881225586e-01
-1.000410318374633789e+00
-9.415963888168334961e-01
-1.157242059707641602e+00
-4.049088433384895325e-02
3.642967939376831055e-01
-1.482324451208114624e-01
3.508997559547424316e-01
-1.362015008926391602e+00
-4.986118152737617493e-02
8.048192262649536133e-01
7.641512155532836914e-01
3.272369503974914551e-01
-9.749722480773925781e-01
-1.691096127033233643e-01
1.256944775581359863e+00
4.361998140811920166e-01
1.112050771713256836e+00
-2.610021829605102539e-01
-5.984498187899589539e-02
8.243392109870910645e-01
-1.471742242574691772e-01
1.374047994613647461e+00
-6.516187191009521484e-01
2.668043673038482666e-01
5.128766298294067383e-01
-9.784682393074035645e-01
-1.895714551210403442e-01
-3.680182993412017822e-01
4.464038014411926270e-01
-1.921230405569076538e-01
5.342118144035339355e-01
-1.885985285043716431e-01
8.707725256681442261e-02
-4.872360825538635254e-01
2.497200518846511841e-01
-1.682270467281341553e-01
-1.924129575490951538e-01
-2.486880682408809662e-02
-4.717911183834075928e-01
1.537303686141967773e+00
-3.746176362037658691e-01
-4.488775134086608887e-01
-7.786398530006408691e-01
-7.292075157165527344e-01
-5.364292860031127930e-01
-7.050934433937072754e-01
-4.322350770235061646e-02
6.712524294853210449e-01
-8.483847379684448242e-01
-3.973703980445861816e-01
3.965128064155578613e-01
4.229392111301422119e-01
8.125486373901367188e-01
4.376289248466491699e-02
8.830457925796508789e-01
-2.051683142781257629e-02
1.038095235824584961e+00
5.701025128364562988e-01
8.892667889595031738e-01
-1.864901334047317505e-01
2.385027706623077393e-01
-6.048461198806762695e-01
-3.815721273422241211e-01
6.470009684562683105e-03
-6.952236592769622803e-02
-1.467943429946899414e+00
-2.776365913450717926e-02
3.666103482246398926e-01
-1.455292940139770508e+00
-5.975736975669860840e-01
7.414132952690124512e-01
4.041621088981628418e-01
-5.815217643976211548e-02
4.092211127281188965e-01
5.224426388740539551e-01
-2.368546426296234131e-01
