1.939678937196731567e-01
2.605227567255496979e-02
-3.092360198497772217e-01
2.846148312091827393e-01
-4.231977164745330811e-01
-4.263496398925781250e-01
-1.878829151391983032e-01
1.572160869836807251e-01
2.104028761386871338e-01
-3.533294051885604858e-02
-6.567709892988204956e-02
-6.640157699584960938e-01
-3.141385018825531006e-01
-8.252061903476715088e-03
1.662120521068572998e-01
-3.077626526355743408e-01
6.725856661796569824e-02
6.642026305198669434e-01
8.883952349424362183e-02
1.782733649015426636e-01
2.511498890817165375e-02
6.279335618019104004e-01
-1.870920360088348389e-01
1.358157277107238770e+00
-4.370459020137786865e-01
1.404522806406021118e-01
9.097703732550144196e-03
7.139266729354858398e-01
2.942749299108982086e-02
-2.207640260457992554e-01
1.259840279817581177e-01
-2.494091242551803589e-01
1.141587346792221069e-01
4.375912621617317200e-02
1.524409092962741852e-02
1.510221809148788452e-01
-2.335966192185878754e-02
1.879033446311950684e-01
-6.934656500816345215e-01
-2.426747381687164307e-01
-1.102754771709442139e-01
1.954551339149475098e-01
-3.625916242599487305e-01
1.707262396812438965e-01
-3.424941003322601318e-01
-6.928958892822265625e-01
-9.251663833856582642e-02
5.152082443237304688e-01
-4.667585790157318115e-01
-2.606964111328125000e-01
-1.899819672107696533e-01
-3.212744295597076416e-01
-9.854612499475479126e-02
1.906964927911758423e-01
-1.865290254354476929e-01
-2.289022803306579590e-01
-3.474650084972381592e-01
-3.969880938529968262e-01
2.277906686067581177e-01
2.285530790686607361e-02
5.433429405093193054e-02
1.177551224827766418e-01
-7.756205797195434570e-01
5.146061182022094727e-01
-1.314970105886459351e-01
8.662976324558258057e-02
-2.995408177375793457e-01
-2.343350201845169067e-01
2.144506759941577911e-02
-4.159746468067169189e-01
-1.185443773865699768e-01
2.229061126708984375e-01
8.322665840387344360e-02
-1.249553542584180832e-02
-8.828243240714073181e-03
-3.772148489952087402e-01
-2.050841227173805237e-02
-5.097160339355468750e-01
4.639282226562500000e-01
7.095870375633239746e-02
-8.053575642406940460e-03
-5.664586424827575684e-01
1.274886876344680786e-01
1.014405563473701477e-01
3.590739965438842773e-01
-9.008044004440307617e-01
2.875927686691284180e-01
-2.895120084285736084e-01
-9.733044356107711792e-02
-6.103085279464721680e-01
5.430505843833088875e-04
1.371049880981445312e-01
1.299740374088287354e-01
-3.444639444351196289e-01
-3.014412820339202881e-01
2.087093442678451538e-01
3.718757629394531250e-02
-2.711803615093231201e-01
6.457834243774414062e-01
1.283623576164245605e-01
2.020531892776489258e-01
-1.293331086635589600e-01
4.937601089477539062e-01
-1.423472762107849121e-01
2.585630305111408234e-02
4.001546204090118408e-01
6.987632066011428833e-02
-1.638913452625274658e-01
7.006699442863464355e-01
-3.359745740890502930e-01
4.983083903789520264e-01
-1.208229642361402512e-02
-3.671438992023468018e-01
-1.878590285778045654e-01
-3.448204696178436279e-01
3.966270685195922852e-01
-5.332189798355102539e-01
-5.238574147224426270e-01
-1.687499582767486572e-01
-3.353506028652191162e-01
5.135885253548622131e-02
-2.875638604164123535e-01
1.613247841596603394e-01
-6.159121394157409668e-01
-9.284310042858123779e-02
3.495559096336364746e-02
-1.443348266184329987e-02
-2.074825614690780640e-01
3.286947682499885559e-02
3.565323948860168457e-01
1.155181378126144409e-01
2.497916072607040405e-01
9.612580388784408569e-02
3.781198710203170776e-02
-2.204886078834533691e-02
-1.657941192388534546e-01
6.870619207620620728e-02
2.943469285964965820e-01
-9.775938093662261963e-02
-2.974328994750976562e-01
6.768758594989776611e-02
-8.409694582223892212e-02
-1.702982783317565918e-01
-1.742152124643325806e-01
1.275421828031539917e-01
2.383567243814468384e-01
-6.429149210453033447e-02
4.864909872412681580e-02
-1.564452499151229858e-01
-4.853520393371582031e-01
7.928805947303771973e-01
-4.079545438289642334e-01
5.675994325429201126e-03
6.377928853034973145e-01
-2.687672078609466553e-01
1.175343990325927734e-01
-2.886811271309852600e-02
-3.591448366641998291e-01
-1.495373994112014771e-01
4.897314608097076416e-01
-3.568006306886672974e-02
1.727111637592315674e-02
3.842942416667938232e-01
1.868727654218673706e-01
2.127858810126781464e-02
1.344779226928949356e-02
-1.275276578962802887e-02
9.663195163011550903e-02
2.256619781255722046e-01
-2.040780782699584961e-01
6.762738823890686035e-01
4.617273434996604919e-02
2.146632038056850433e-02
-4.150849282741546631e-01
6.613278985023498535e-01
1.118590757250785828e-01
1.965204440057277679e-02
1.153306141495704651e-01
-3.111945390701293945e-01
-7.267272472381591797e-01
-3.787673264741897583e-02
4.681862294673919678e-01
1.989759206771850586e-01
1.214633882045745850e-02
-4.411981254816055298e-02
1.431261599063873291e-01
2.760996222496032715e-01
-4.692605435848236084e-01
-5.222445130348205566e-01
-2.123707383871078491e-01
1.141158714890480042e-01
3.740352392196655273e-01
-3.221849203109741211e-01
-1.411136686801910400e-01
-2.545692026615142822e-01
2.719525098800659180e-01
-5.884575098752975464e-02
-1.533196121454238892e-01
-3.901345431804656982e-01
-4.527260959148406982e-01
-1.402830779552459717e-01
1.715640127658843994e-01
-4.131981730461120605e-01
-1.608165651559829712e-01
4.884248375892639160e-01
1.857076585292816162e-01
-5.398369431495666504e-01
-3.986517488956451416e-01
-7.770633697509765625e-02
4.154941439628601074e-01
1.346222907304763794e-01
-3.839603364467620850e-01
5.695112943649291992e-01
2.377984970808029175e-01
2.515749633312225342e-01
-6.790300831198692322e-03
1.668232306838035583e-02
-1.403144896030426025e-01
5.400508642196655273e-01
-7.940476387739181519e-02
-2.347220480442047119e-01
-3.584714531898498535e-01
-6.374568939208984375e-01
-3.990534320473670959e-02
-3.398478925228118896e-01
9.074516594409942627e-02
-1.241336613893508911e-01
-2.688894844055175781e+01
1.533447206020355225e-01
3.051938116550445557e-01
-7.474783807992935181e-02
-2.559260129928588867e-01
2.422045022249221802e-01
1.604195982217788696e-01
-1.312966823577880859e+00
-2.890729904174804688e-01
-4.992345273494720459e-01
-4.349618554115295410e-01
1.432722508907318115e-01
-1.399447321891784668e-01
9.894362092018127441e-01
-2.730600237846374512e-01
-7.939071953296661377e-02
-5.423636436462402344e-01
-1.675268113613128662e-01
3.289494216442108154e-01
-6.293512880802154541e-02
8.016362190246582031e-01
-2.812702655792236328e-01
-5.267275571823120117e-01
8.361580967903137207e-02
2.196356207132339478e-01
2.796766459941864014e-01
3.535559475421905518e-01
-4.293198883533477783e-01
6.172375008463859558e-02
2.512263059616088867e-01
-2.553941309452056885e-01
-1.144818589091300964e-01
-2.060166597366333008e-01
1.019542515277862549e-01
2.281882017850875854e-01
1.106185689568519592e-01
-2.893067002296447754e-01
2.924879081547260284e-02
-3.104425668716430664e-01
-4.386225938796997070e-01
2.688142657279968262e-01
1.969144195318222046e-01
-1.224358975887298584e-01
-2.395078092813491821e-01
-2.070451229810714722e-01
-4.237125068902969360e-02
-6.023728251457214355e-01
-1.773352175951004028e-01
2.575359940528869629e-01
-1.651082932949066162e-01
-3.279046341776847839e-02
-1.810798197984695435e-01
1.692081391811370850e-01
-2.549148499965667725e-01
-2.188449501991271973e-01
3.837366104125976562e-01
7.164081186056137085e-02
5.090268254280090332e-01
5.214460492134094238e-01
-3.619647324085235596e-01
-2.534058094024658203e-01
-2.393155246973037720e-01
3.298599421977996826e-01
-1.404914408922195435e-01
9.288901090621948242e-02
-7.169338464736938477e-01
3.817257285118103027e-01
-3.916833400726318359e-01
-2.624993026256561279e-01
-1.567913889884948730e-01
3.344977498054504395e-01
-7.652147859334945679e-02
-2.291288226842880249e-01
1.839524209499359131e-01
-1.176998019218444824e-01
4.055177047848701477e-02
-1.517794579267501831e-01
-5.164166688919067383e-01
-3.801420927047729492e-01
1.093502044677734375e-01
1.933537721633911133e-01
-8.904078602790832520e-02
5.468261837959289551e-01
-3.199672996997833252e-01
-2.395166009664535522e-01
-1.941804289817810059e-01
1.528575271368026733e-01
-3.096955716609954834e-01
-4.104075580835342407e-02
-1.127225160598754883e-01
2.449924349784851074e-01
-4.269284307956695557e-01
6.927511096000671387e-01
2.660312131047248840e-02
6.245064139366149902e-01
-1.678131520748138428e-01
-2.394709140062332153e-01
1.199981868267059326e-01
3.562502935528755188e-02
-1.124680638313293457e+00
1.727657467126846313e-01
8.190464973449707031e-02
-1.047216355800628662e-01
-2.188247144222259521e-01
-4.751522839069366455e-01
-1.832773834466934204e-01
-6.362797021865844727e-01
-2.457821667194366455e-01
4.299095869064331055e-01
1.207051426172256470e-01
-1.770979315042495728e-01
2.550471127033233643e-01
-2.573206126689910889e-01
6.317490339279174805e-02
-1.038836464285850525e-01
-1.841419041156768799e-01
-1.505930423736572266e-01
3.123162388801574707e-01
4.878879189491271973e-01
4.901504144072532654e-02
5.072725415229797363e-01
5.994120240211486816e-02
3.480386435985565186e-01
1.155508384108543396e-01
-1.528021097183227539e-01
-6.723375320434570312e-01
-1.549645364284515381e-01
2.584349215030670166e-01
-2.701145112514495850e-01
8.579705357551574707e-01
-1.266578584909439087e-01
-1.176815032958984375e-01
-2.847384810447692871e-01
-6.377524137496948242e-02
5.957220215350389481e-03
3.633616566658020020e-01
-2.412689626216888428e-01
-3.227133452892303467e-01
-4.565444290637969971e-01
-4.146947860717773438e-01
4.187792539596557617e-01
-4.424210488796234131e-01
-1.547973304986953735e-01
-4.697267338633537292e-02
-2.594845294952392578e-01
-6.980457156896591187e-02
-2.965188920497894287e-01
2.424094080924987793e-01
2.141445577144622803e-01
1.381148397922515869e-02
2.354069501161575317e-01
8.719441294670104980e-02
5.663082003593444824e-01
1.364354342222213745e-01
-3.170091286301612854e-02
1.018186450004577637e+00
9.011169523000717163e-02
5.870313048362731934e-01
-1.677711121737957001e-02
-1.824906617403030396e-01
-4.341781139373779297e-01
-8.221845030784606934e-01
-2.329051643610000610e-01
7.434703409671783447e-02
1.115237325429916382e-01
-3.277094662189483643e-01
1.103992015123367310e-01
-5.426478385925292969e-01
-6.915839910507202148e-01
-8.296070247888565063e-02
5.936495661735534668e-01
-2.897099256515502930e-01
-9.741309285163879395e-02
-4.766649901866912842e-01
2.836576998233795166e-01
-1.937519758939743042e-01
-1.597953960299491882e-02
-5.752850174903869629e-01
4.341525956988334656e-02
8.597027510404586792e-02
3.362222015857696533e-01
1.933558732271194458e-01
3.463785946369171143e-01
4.268599152565002441e-01
-1.805901527404785156e-01
2.006273865699768066e-01
2.614418268203735352e-01
2.478341758251190186e-01
-3.063553869724273682e-01
-5.726122856140136719e-01
2.940309233963489532e-02
-1.910594403743743896e-01
-1.717685535550117493e-02
-5.349281802773475647e-02
-2.161453664302825928e-01
1.830814778804779053e-01
-1.423884868621826172e+00
3.348914533853530884e-02
-2.912661805748939514e-02
4.248617216944694519e-02
-5.948011875152587891e-01
-2.761721312999725342e-01
7.184446603059768677e-02
-1.140881538391113281e+00
2.546663284301757812e-01
-2.626588940620422363e-02
-2.135500013828277588e-01
2.457421422004699707e-01
1.010055318474769592e-01
1.955649107694625854e-01
3.053473532199859619e-01
2.500241696834564209e-01
4.019255042076110840e-01
1.863087266683578491e-01
9.287783503532409668e-02
2.793788909912109375e-01
-7.109446078538894653e-02
2.859640419483184814e-01
-2.819147147238254547e-02
5.585337281227111816e-01
-1.551174670457839966e-01
-5.561458319425582886e-02
-2.993607819080352783e-01
-9.017111361026763916e-02
-1.102084279060363770e+00
-3.968824744224548340e-01
-5.968016386032104492e-01
4.620637297630310059e-01
-1.058474630117416382e-01
2.213976830244064331e-01
-4.804314672946929932e-02
1.677879095077514648e-01
-1.658316701650619507e-01
-6.407236456871032715e-01
1.637006253004074097e-01
-3.275340422987937927e-02
1.183815151453018188e-01
-1.328482180833816528e-01
-2.300711274147033691e-01
2.072178870439529419e-01
-2.767365574836730957e-01
1.839352250099182129e-01
5.060214921832084656e-02
-2.850763499736785889e-01
2.050433009862899780e-01
-2.967522442340850830e-01
-8.713707327842712402e-02
-3.548416197299957275e-01
-2.660957574844360352e-01
2.951896190643310547e-01
2.692322432994842529e-01
1.861378401517868042e-01
2.207002937793731689e-01
-5.598885416984558105e-01
1.439782828092575073e-01
-1.052557155489921570e-01
-4.546827077865600586e-01
-3.472690284252166748e-02
1.602605283260345459e-01
2.009531706571578979e-01
1.288942694664001465e-01
-4.648208618164062500e-01
-2.410820126533508301e-01
6.379125267267227173e-02
4.255467057228088379e-01
5.085822939872741699e-01
-2.042863816022872925e-01
1.953851729631423950e-01
-7.141916155815124512e-01
-4.104210138320922852e-01
-2.818233966827392578e-01
1.836195290088653564e-01
-8.459367603063583374e-02
-3.303813338279724121e-01
5.507918000221252441e-01
-7.384510338306427002e-02
1.784531772136688232e-02
9.648175537586212158e-02
-3.926377594470977783e-01
-4.416694641113281250e-01
2.360975444316864014e-01
-5.196269229054450989e-02
3.345008790493011475e-01
-8.119258284568786621e-02
1.230532228946685791e-01
-1.036373153328895569e-01
2.990422844886779785e-01
-2.005509734153747559e-01
-2.487637102603912354e-01
-6.846522539854049683e-02
6.185482144355773926e-01
-4.566762149333953857e-01
7.411133497953414917e-02
5.314972996711730957e-01
-3.041433990001678467e-01
1.196322590112686157e-01
2.917971611022949219e-01
5.370435491204261780e-02
5.300253033638000488e-01
-4.655997157096862793e-01
2.634461820125579834e-01
-2.339559942483901978e-01
-7.610429525375366211e-01
2.653507888317108154e-01
-3.794028759002685547e-01
-2.367328405380249023e-01
6.013490632176399231e-02
-4.254979193210601807e-01
-9.786513447761535645e-02
-3.574295938014984131e-01
3.083955869078636169e-02
-3.980462849140167236e-01
2.480321079492568970e-01
-2.225597351789474487e-01
-2.801241353154182434e-02
-4.146122038364410400e-01
-3.329387605190277100e-01
-3.199164271354675293e-01
1.502888500690460205e-01
-2.690863050520420074e-02
1.469215154647827148e-01
2.499896585941314697e-01
3.842443227767944336e-01
-4.151383936405181885e-01
-5.285892486572265625e-01
7.067013978958129883e-01
-1.724747121334075928e-01
-4.266281723976135254e-01
-3.135879039764404297e-01
1.073334664106369019e-01
1.182708516716957092e-01
-7.087818533182144165e-02
3.043322563171386719e-01
-9.344104677438735962e-02
2.005397826433181763e-01
1.423020660877227783e-01
-5.196657180786132812e-01
-3.102115094661712646e-01
-1.199972480535507202e-01
1.213913187384605408e-01
-2.142255604267120361e-01
5.349839925765991211e-01
-4.487602412700653076e-01
3.797446191310882568e-02
-1.113772690296173096e-01
-1.122090339660644531e+00
7.953840494155883789e-02
-2.711119651794433594e-01
-3.867528438568115234e-01
-2.280360758304595947e-01
1.874111592769622803e-01
2.540996074676513672e-01
2.698400057852268219e-03
-9.074705839157104492e-02
1.841994076967239380e-01
2.545655071735382080e-01
-5.588218569755554199e-01
-9.503584355115890503e-03
4.596880674362182617e-01
-1.122679561376571655e-02
5.564970374107360840e-01
1.247357297688722610e-02
-1.286515295505523682e-01
-4.939623773097991943e-01
-6.326869726181030273e-01
4.918675422668457031e-01
-8.761842548847198486e-02
-1.934758722782135010e-01
-2.613042593002319336e-01
-1.774319261312484741e-01
7.362768799066543579e-02
-1.888643205165863037e-02
-5.265501886606216431e-02
-3.066808879375457764e-01
-1.012861952185630798e-01
3.590517342090606689e-01
3.471171855926513672e-02
2.283339947462081909e-02
-3.371529877185821533e-01
-2.037611156702041626e-01
3.870913684368133545e-01
-2.359837144613265991e-01
1.505820304155349731e-01
1.091174259781837463e-01
3.811987638473510742e-01
3.114794492721557617e-01
3.034757077693939209e-01
6.209846735000610352e-01
2.390242666006088257e-01
-5.281198024749755859e-01
8.888007700443267822e-02
5.420030951499938965e-01
1.750905811786651611e-01
2.456925511360168457e-01
-6.163279414176940918e-01
2.516667544841766357e-01
-1.423365473747253418e-01
3.017092943191528320e-01
1.351318210363388062e-01
-3.075838387012481689e-01
1.523749232292175293e-01
-1.720360368490219116e-01
6.148336082696914673e-02
1.491776853799819946e-01
4.385530948638916016e-01
2.668888568878173828e-01
-4.316023886203765869e-01
-2.311504632234573364e-02
-5.260360240936279297e-01
-2.507781088352203369e-01
-3.423722982406616211e-01
2.398942261934280396e-01
9.448866546154022217e-02
-6.139446496963500977e-01
-4.896062612533569336e-01
4.192160069942474365e-02
-3.365729749202728271e-01
-4.443793594837188721e-01
-4.801488816738128662e-01
-5.206490159034729004e-01
8.011124283075332642e-02
-5.875492691993713379e-01
2.992724478244781494e-01
1.623822562396526337e-02
-5.565510690212249756e-02
-5.674405023455619812e-02
1.167576760053634644e-01
5.276392102241516113e-01
-2.308584898710250854e-01
5.682616829872131348e-01
-3.425273895263671875e-01
-2.260648906230926514e-01
1.667441427707672119e-01
1.913410872220993042e-01
2.732598483562469482e-01
4.586626589298248291e-01
-1.281485334038734436e-02
-2.912951633334159851e-02
-1.130046248435974121e-01
2.578412294387817383e-01
-5.782108008861541748e-02
-7.682157680392265320e-03
-2.234257608652114868e-01
-1.833436824381351471e-02
3.971884772181510925e-02
-5.816265940666198730e-02
6.092694401741027832e-01
6.641083359718322754e-01
-7.837136089801788330e-02
-1.143988370895385742e-01
-2.207676172256469727e-01
-5.136268585920333862e-02
-6.380105018615722656e-01
8.614622801542282104e-02
2.703549563884735107e-01
7.998546957969665527e-02
3.221931159496307373e-01
-6.820603460073471069e-02
-4.726029038429260254e-01
4.749804735183715820e-01
1.567195802927017212e-01
4.207046926021575928e-01
-2.692203223705291748e-01
-4.627118110656738281e-01
-2.750504612922668457e-01
-2.781516313552856445e-01
-7.213079929351806641e-01
1.070621609687805176e-01
9.418043494224548340e-02
-4.010992646217346191e-01
1.052916944026947021e-01
1.452591270208358765e-01
-6.822050213813781738e-01
2.333774119615554810e-01
-1.662098765373229980e-01
8.441493511199951172e-01
2.852614521980285645e-01
-2.437109798192977905e-01
5.703815445303916931e-02
4.349770843982696533e-01
8.393363654613494873e-02
-1.016527190804481506e-01
1.630696207284927368e-01
-1.859438791871070862e-02
-1.452870517969131470e-01
-6.775217056274414062e-01
1.070170253515243530e-01
-1.647974103689193726e-01
-1.577119082212448120e-01
-1.071480661630630493e-01
-2.224353998899459839e-01
-5.677881240844726562e-01
4.628825783729553223e-01
2.103765755891799927e-01
1.256015896797180176e-02
3.406560719013214111e-01
1.023964211344718933e-01
-9.830733388662338257e-02
-4.614987969398498535e-02
6.348266005516052246e-01
8.453013002872467041e-02
-2.608891725540161133e-01
-9.969956427812576294e-02
2.592960596084594727e-01
2.465858221054077148e+00
-2.714724540710449219e-01
-9.951657056808471680e-02
5.130451172590255737e-02
1.068999469280242920e-01
-2.978658974170684814e-01
-4.107730090618133545e-01
-1.193981394171714783e-01
5.362367630004882812e-02
-4.227076768875122070e-01
-1.969103664159774780e-01
5.828763172030448914e-02
-2.438915818929672241e-01
5.172634124755859375e-01
2.529805600643157959e-01
1.356362998485565186e-01
6.540045887231826782e-02
-3.413775265216827393e-01
-3.801443576812744141e-01
1.243298053741455078e-01
5.045850947499275208e-02
1.654578447341918945e-01
-8.372284770011901855e-01
-1.377613544464111328e-01
1.260207146406173706e-01
2.267366647720336914e-01
6.748297810554504395e-02
-2.145387679338455200e-01
2.596313506364822388e-02
-5.998021364212036133e-01
1.499774158000946045e-01
3.639718592166900635e-01
1.066928878426551819e-01
-5.303592607378959656e-02
4.142039716243743896e-01
1.521826684474945068e-01
3.630782365798950195e-01
