1.921550035476684570e-01
2.548037096858024597e-02
-3.002409636974334717e-01
2.780946195125579834e-01
-4.195495545864105225e-01
-4.649547040462493896e-01
-1.607504934072494507e-01
1.360911726951599121e-01
2.068556100130081177e-01
-5.575713515281677246e-02
-6.009712442755699158e-02
-6.469088196754455566e-01
-2.701101005077362061e-01
-7.409189827740192413e-03
1.890454739332199097e-01
-2.831226289272308350e-01
5.970336124300956726e-02
6.753253936767578125e-01
1.164231747388839722e-01
1.706654876470565796e-01
1.141327805817127228e-02
6.375264525413513184e-01
-1.825867146253585815e-01
1.386131405830383301e+00
-4.373743534088134766e-01
1.309855878353118896e-01
4.880588036030530930e-03
7.040305137634277344e-01
3.471436724066734314e-02
-2.208999395370483398e-01
1.486176103353500366e-01
-2.605395615100860596e-01
1.231677904725074768e-01
4.685030877590179443e-02
1.295836758799850941e-03
1.328786760568618774e-01
-1.410886645317077637e-02
1.639594286680221558e-01
-7.084475159645080566e-01
-2.486274838447570801e-01
-1.008471176028251648e-01
2.058908939361572266e-01
-3.576821088790893555e-01
1.630486100912094116e-01
-3.510496318340301514e-01
-6.562874317169189453e-01
-9.256528317928314209e-02
5.296654701232910156e-01
-4.986328780651092529e-01
-2.513375580310821533e-01
-1.871708929538726807e-01
-3.250534534454345703e-01
-8.369350433349609375e-02
1.911991089582443237e-01
-1.998794674873352051e-01
-2.281551361083984375e-01
-3.871974349021911621e-01
-3.969698846340179443e-01
2.366275042295455933e-01
-1.827400061301887035e-03
5.434328317642211914e-02
9.632299095392227173e-02
-7.681588530540466309e-01
5.478464365005493164e-01
-1.170686706900596619e-01
9.730736911296844482e-02
-3.144403994083404541e-01
-2.470131367444992065e-01
5.661706626415252686e-02
-4.271135330200195312e-01
-1.368911266326904297e-01
2.120897769927978516e-01
1.017534807324409485e-01
2.113842871040105820e-03
-1.221338007599115372e-02
-3.587992489337921143e-01
-1.227696146816015244e-02
-4.931445121765136719e-01
4.671593606472015381e-01
6.983703374862670898e-02
3.584853932261466980e-02
-5.700624585151672363e-01
1.297105997800827026e-01
8.300225436687469482e-02
3.725670576095581055e-01
-9.259456396102905273e-01
2.717718183994293213e-01
-2.698010504245758057e-01
-7.671599090099334717e-02
-6.020436882972717285e-01
-1.284132339060306549e-02
1.185923889279365540e-01
1.188725978136062622e-01
-3.317300677299499512e-01
-3.055573701858520508e-01
1.968669295310974121e-01
5.256318300962448120e-02
-2.660258114337921143e-01
6.499435305595397949e-01
1.104056015610694885e-01
1.999668329954147339e-01
-1.521594822406768799e-01
5.060183405876159668e-01
-1.415974199771881104e-01
2.251302078366279602e-02
4.127857685089111328e-01
4.555510729551315308e-02
-1.709135621786117554e-01
7.043187022209167480e-01
-3.394218385219573975e-01
5.133529901504516602e-01
-1.621834933757781982e-02
-3.581678569316864014e-01
-1.789396852254867554e-01
-3.252902030944824219e-01
3.889674246311187744e-01
-5.221363902091979980e-01
-5.263379812240600586e-01
-1.585299223661422729e-01
-3.164244890213012695e-01
5.611396208405494690e-02
-2.684133350849151611e-01
1.387482583522796631e-01
-6.329275369644165039e-01
-9.805241972208023071e-02
5.858004465699195862e-02
2.916736993938684464e-03
-2.076950818300247192e-01
4.306473303586244583e-03
3.446299135684967041e-01
1.358990520238876343e-01
2.538407146930694580e-01
8.232362568378448486e-02
2.803860418498516083e-02
-2.903439663350582123e-02
-1.880742460489273071e-01
7.506313174962997437e-02
3.164218962192535400e-01
-1.125745177268981934e-01
-3.070979416370391846e-01
9.568549692630767822e-02
-8.034662902355194092e-02
-1.945377588272094727e-01
-1.451984792947769165e-01
1.184969767928123474e-01
2.398859709501266479e-01
-6.064847111701965332e-02
6.030654907226562500e-02
-1.331792026758193970e-01
-4.776158332824707031e-01
7.793451547622680664e-01
-4.202369749546051025e-01
-5.261452868580818176e-03
6.318781375885009766e-01
-2.641147673130035400e-01
1.412743628025054932e-01
-3.489435091614723206e-02
-3.765005767345428467e-01
-1.401320397853851318e-01
5.014411211013793945e-01
-2.631455846130847931e-02
2.683301270008087158e-02
3.844540715217590332e-01
1.999994516372680664e-01
-2.475588815286755562e-03
-9.254732169210910797e-03
-3.417002502828836441e-03
1.139833405613899231e-01
2.320731133222579956e-01
-1.848809421062469482e-01
6.901669502258300781e-01
5.825440585613250732e-02
7.001667749136686325e-03
-4.072629213333129883e-01
6.679071784019470215e-01
1.210746094584465027e-01
2.694626152515411377e-02
7.934965938329696655e-02
-3.085208535194396973e-01
-7.296652793884277344e-01
-3.344767913222312927e-02
4.917504489421844482e-01
1.921445429325103760e-01
3.612073138356208801e-02
-3.298195824027061462e-02
1.324972212314605713e-01
2.609143853187561035e-01
-4.408447444438934326e-01
-5.320217609405517578e-01
-2.259704172611236572e-01
1.097880080342292786e-01
3.678530156612396240e-01
-3.225147128105163574e-01
-1.512505859136581421e-01
-2.617694139480590820e-01
2.691479027271270752e-01
-6.813072413206100464e-02
-1.516568660736083984e-01
-3.770796358585357666e-01
-4.557139873504638672e-01
-1.384922564029693604e-01
1.976285129785537720e-01
-4.378435909748077393e-01
-1.942414641380310059e-01
4.927679002285003662e-01
1.940062791109085083e-01
-5.554293990135192871e-01
-3.873456418514251709e-01
-8.311277627944946289e-02
4.299573004245758057e-01
1.344600319862365723e-01
-3.959261476993560791e-01
5.961716175079345703e-01
2.206539362668991089e-01
2.485691308975219727e-01
8.119757287204265594e-03
2.075899951159954071e-02
-1.419480592012405396e-01
5.573552846908569336e-01
-8.446647226810455322e-02
-2.381970733404159546e-01
-3.564065992832183838e-01
-6.434720158576965332e-01
-4.908406734466552734e-02
-3.186465203762054443e-01
7.987570762634277344e-02
-1.371457874774932861e-01
-2.689560508728027344e+01
1.496225148439407349e-01
3.356479108333587646e-01
-8.231797814369201660e-02
-2.698974907398223877e-01
2.315589487552642822e-01
1.786641925573348999e-01
-1.316500902175903320e+00
-2.780916988849639893e-01
-5.224410891532897949e-01
-4.310618340969085693e-01
1.288995891809463501e-01
-1.382081061601638794e-01
1.005003929138183594e+00
-2.420894056558609009e-01
-5.859019979834556580e-02
-5.454885959625244141e-01
-1.753640770912170410e-01
3.301942050457000732e-01
-1.123820766806602478e-01
7.742851376533508301e-01
-2.710158824920654297e-01
-5.017979145050048828e-01
8.739008009433746338e-02
2.197245210409164429e-01
3.185301125049591064e-01
3.621540367603302002e-01
-4.246058464050292969e-01
4.882748052477836609e-02
2.671525180339813232e-01
-2.252862751483917236e-01
-9.427212178707122803e-02
-2.106138914823532104e-01
9.551250189542770386e-02
2.520736157894134521e-01
1.103244796395301819e-01
-2.639206349849700928e-01
2.428453043103218079e-02
-3.066422641277313232e-01
-4.548756182193756104e-01
2.582399845123291016e-01
2.247078716754913330e-01
-1.117789521813392639e-01
-2.206852734088897705e-01
-2.148481011390686035e-01
-7.210101187229156494e-02
-5.743088722229003906e-01
-1.406476050615310669e-01
2.508220076560974121e-01
-1.484691053628921509e-01
-3.699269518256187439e-02
-1.903293579816818237e-01
1.364764869213104248e-01
-2.633379399776458740e-01
-2.423042058944702148e-01
3.847612738609313965e-01
5.442773550748825073e-02
5.051126480102539062e-01
5.103319883346557617e-01
-3.604960441589355469e-01
-2.536649107933044434e-01
-2.156500667333602905e-01
3.534027934074401855e-01
-1.323256492614746094e-01
8.726674318313598633e-02
-7.015044689178466797e-01
3.801902234554290771e-01
-3.743723034858703613e-01
-2.709966003894805908e-01
-1.568938195705413818e-01
3.327309191226959229e-01
-7.951167970895767212e-02
-2.225854396820068359e-01
2.049140930175781250e-01
-1.044881120324134827e-01
4.674272984266281128e-02
-1.690004020929336548e-01
-5.293016433715820312e-01
-3.682451844215393066e-01
1.166233867406845093e-01
1.956444680690765381e-01
-1.034104749560356140e-01
5.308170318603515625e-01
-2.921952903270721436e-01
-2.817118167877197266e-01
-1.879999488592147827e-01
1.639163941144943237e-01
-3.246380090713500977e-01
-6.850472837686538696e-02
-1.216920018196105957e-01
2.253232896327972412e-01
-4.207161366939544678e-01
7.057076096534729004e-01
3.463318943977355957e-02
6.247487068176269531e-01
-1.518079340457916260e-01
-2.414074689149856567e-01
1.084561049938201904e-01
2.436943911015987396e-02
-1.122254014015197754e+00
1.908652484416961670e-01
4.321138188242912292e-02
-1.057252436876296997e-01
-2.139774858951568604e-01
-4.744916856288909912e-01
-1.698581129312515259e-01
-6.214742064476013184e-01
-2.377355396747589111e-01
4.338649809360504150e-01
1.019492670893669128e-01
-1.838162094354629517e-01
2.557838559150695801e-01
-2.827798426151275635e-01
8.434055745601654053e-02
-1.030889004468917847e-01
-1.601371169090270996e-01
-1.500094980001449585e-01
3.247063159942626953e-01
4.997404515743255615e-01
5.240736901760101318e-02
5.118595361709594727e-01
4.125367477536201477e-02
3.554245829582214355e-01
1.042726337909698486e-01
-1.473209410905838013e-01
-6.716811656951904297e-01
-1.699094921350479126e-01
2.618481814861297607e-01
-2.696729898452758789e-01
8.656913042068481445e-01
-1.056537032127380371e-01
-1.425038427114486694e-01
-2.974844872951507568e-01
-1.001216843724250793e-01
2.907830756157636642e-03
3.614608645439147949e-01
-2.430672347545623779e-01
-3.064778447151184082e-01
-4.698466658592224121e-01
-4.261187911033630371e-01
4.077862501144409180e-01
-4.366281330585479736e-01
-1.545984297990798950e-01
-5.856058374047279358e-02
-2.731096744537353516e-01
-7.483014464378356934e-02
-2.788045704364776611e-01
2.305314838886260986e-01
2.270904183387756348e-01
-3.351181047037243843e-03
2.372401952743530273e-01
8.316327631473541260e-02
5.535528659820556641e-01
1.397155821323394775e-01
-2.831132709980010986e-02
1.002976775169372559e+00
9.122277796268463135e-02
5.874397158622741699e-01
-2.697361260652542114e-02
-1.900779157876968384e-01
-4.102904200553894043e-01
-8.313355445861816406e-01
-1.931917369365692139e-01
9.313040971755981445e-02
1.040992140769958496e-01
-3.533077239990234375e-01
1.105645149946212769e-01
-5.582274198532104492e-01
-6.936373114585876465e-01
-7.474089413881301880e-02
5.926952362060546875e-01
-2.950040400028228760e-01
-1.130053326487541199e-01
-4.602980911731719971e-01
2.976249754428863525e-01
-1.668616235256195068e-01
-4.454115405678749084e-02
-5.620983242988586426e-01
6.017608568072319031e-02
7.582850009202957153e-02
3.448929786682128906e-01
1.863932460546493530e-01
3.472196459770202637e-01
4.143709242343902588e-01
-1.955957114696502686e-01
1.979360431432723999e-01
2.220493108034133911e-01
2.688809633255004883e-01
-3.076985776424407959e-01
-5.770629048347473145e-01
3.561853617429733276e-02
-1.721673756837844849e-01
-2.363354712724685669e-02
-5.003122612833976746e-02
-2.425164282321929932e-01
1.784374862909317017e-01
-1.436279892921447754e+00
1.519502699375152588e-02
-4.334881156682968140e-02
4.002175480127334595e-02
-6.138974428176879883e-01
-2.817352116107940674e-01
8.607563376426696777e-02
-1.125395774841308594e+00
2.402969449758529663e-01
-2.079763449728488922e-02
-2.268956452608108521e-01
2.577809095382690430e-01
9.777119010686874390e-02
1.709370464086532593e-01
3.218512237071990967e-01
2.631464898586273193e-01
4.173311889171600342e-01
1.912866830825805664e-01
8.563629537820816040e-02
3.221723437309265137e-01
-7.118089497089385986e-02
2.958964705467224121e-01
-4.082235321402549744e-02
5.682088732719421387e-01
-1.509836614131927490e-01
-5.665016919374465942e-02
-2.890839874744415283e-01
-9.654640406370162964e-02
-1.118105053901672363e+00
-3.905144035816192627e-01
-5.879890322685241699e-01
4.599521756172180176e-01
-1.319438368082046509e-01
2.259241342544555664e-01
-3.701406717300415039e-02
1.801884621381759644e-01
-1.564784049987792969e-01
-6.294316649436950684e-01
1.559485048055648804e-01
-1.944455876946449280e-02
1.227661296725273132e-01
-1.315054148435592651e-01
-2.250189334154129028e-01
1.840364336967468262e-01
-2.893027961254119873e-01
1.987536102533340454e-01
5.168392136693000793e-02
-2.898952960968017578e-01
2.117958962917327881e-01
-2.829035222530364990e-01
-7.476471364498138428e-02
-3.720133304595947266e-01
-2.930541932582855225e-01
2.864314317703247070e-01
2.915651500225067139e-01
1.975738406181335449e-01
2.279791831970214844e-01
-5.491179823875427246e-01
1.688021719455718994e-01
-8.525625616312026978e-02
-4.503577351570129395e-01
-5.020969733595848083e-02
1.603726446628570557e-01
1.670242547988891602e-01
1.203471869230270386e-01
-4.591813385486602783e-01
-2.329904586076736450e-01
8.067926019430160522e-02
4.381571710109710693e-01
4.951197803020477295e-01
-1.785070002079010010e-01
1.920241117477416992e-01
-7.393718957901000977e-01
-4.324897825717926025e-01
-2.888880670070648193e-01
1.750882714986801147e-01
-1.022186726331710815e-01
-3.399448692798614502e-01
5.643326044082641602e-01
-7.190395891666412354e-02
-2.014432661235332489e-02
7.740775495767593384e-02
-3.664355874061584473e-01
-4.497636854648590088e-01
2.513905465602874756e-01
-3.586379066109657288e-02
3.523024320602416992e-01
-8.664491772651672363e-02
1.258510649204254150e-01
-1.144099086523056030e-01
2.874271869659423828e-01
-2.157356888055801392e-01
-2.621003687381744385e-01
-6.074288859963417053e-02
6.269247531890869141e-01
-4.669657647609710693e-01
8.619965612888336182e-02
5.328574180603027344e-01
-3.120347559452056885e-01
1.177875250577926636e-01
3.002956807613372803e-01
7.076013088226318359e-02
5.440275073051452637e-01
-4.673116803169250488e-01
2.538888156414031982e-01
-2.595635056495666504e-01
-7.723170518875122070e-01
2.654309570789337158e-01
-3.861786723136901855e-01
-2.662155628204345703e-01
8.073376119136810303e-02
-4.304221272468566895e-01
-1.134917065501213074e-01
-3.819685578346252441e-01
-2.628532471135258675e-03
-4.258349835872650146e-01
2.579184472560882568e-01
-2.371895462274551392e-01
-2.006502076983451843e-02
-4.466299712657928467e-01
-3.557069897651672363e-01
-3.431277871131896973e-01
1.366348862648010254e-01
-2.682675793766975403e-02
1.732219457626342773e-01
2.373710274696350098e-01
3.628458678722381592e-01
-4.104593992233276367e-01
-5.432910323143005371e-01
6.856310963630676270e-01
-1.890563964843750000e-01
-4.448501169681549072e-01
-3.245502412319183350e-01
1.066595390439033508e-01
1.465940028429031372e-01
-8.664427697658538818e-02
3.393604457378387451e-01
-9.338295459747314453e-02
1.777220517396926880e-01
1.678330153226852417e-01
-5.165464878082275391e-01
-2.909822463989257812e-01
-1.365507841110229492e-01
1.086525022983551025e-01
-2.063277512788772583e-01
5.315723419189453125e-01
-4.311167001724243164e-01
5.505804345011711121e-02
-1.291016638278961182e-01
-1.114875674247741699e+00
8.621448278427124023e-02
-2.527477145195007324e-01
-4.270158410072326660e-01
-2.310961037874221802e-01
1.540064662694931030e-01
2.420680373907089233e-01
1.706073246896266937e-02
-8.284751325845718384e-02
1.781388670206069946e-01
2.774247229099273682e-01
-5.847299098968505859e-01
-6.268420256674289703e-03
4.704497456550598145e-01
6.083769723773002625e-03
5.322225093841552734e-01
1.649032346904277802e-02
-1.288644820451736450e-01
-5.065664052963256836e-01
-6.397689580917358398e-01
5.115016698837280273e-01
-6.730651855468750000e-02
-1.623409688472747803e-01
-2.750011682510375977e-01
-1.704316437244415283e-01
5.341334268450737000e-02
1.063188724219799042e-02
-5.782492831349372864e-02
-3.048024475574493408e-01
-9.863969683647155762e-02
3.654663860797882080e-01
1.994890347123146057e-02
2.550682611763477325e-02
-3.493530750274658203e-01
-2.237530052661895752e-01
3.827400803565979004e-01
-2.237639278173446655e-01
1.545769870281219482e-01
1.007694303989410400e-01
3.618413507938385010e-01
3.378556370735168457e-01
3.332317471504211426e-01
6.320260763168334961e-01
2.447326630353927612e-01
-5.216755867004394531e-01
6.734815984964370728e-02
5.517359375953674316e-01
1.712241768836975098e-01
2.604078352451324463e-01
-6.102862954139709473e-01
2.589051723480224609e-01
-1.332923769950866699e-01
2.840077579021453857e-01
1.435454487800598145e-01
-3.056140840053558350e-01
1.467693001031875610e-01
-1.678629517555236816e-01
6.576405465602874756e-02
1.432720422744750977e-01
4.349447190761566162e-01
2.904254198074340820e-01
-4.494725465774536133e-01
1.962347701191902161e-02
-5.248661041259765625e-01
-2.318802624940872192e-01
-3.416964411735534668e-01
2.630167007446289062e-01
9.625686705112457275e-02
-6.382635831832885742e-01
-5.121070742607116699e-01
3.515326976776123047e-02
-3.269502520561218262e-01
-4.374279081821441650e-01
-4.868236482143402100e-01
-5.474995374679565430e-01
7.785694301128387451e-02
-5.682421326637268066e-01
2.685386538505554199e-01
3.767393529415130615e-02
-4.237522929906845093e-02
-6.727923452854156494e-02
1.239162832498550415e-01
5.513104796409606934e-01
-2.494739294052124023e-01
5.239391922950744629e-01
-3.479492664337158203e-01
-2.326380014419555664e-01
1.509560197591781616e-01
1.972563117742538452e-01
2.526094913482666016e-01
4.533435702323913574e-01
-1.519512385129928589e-02
-2.778092212975025177e-02
-9.836179763078689575e-02
2.762118279933929443e-01
-5.399438366293907166e-02
-7.204825524240732193e-04
-2.155215889215469360e-01
-8.316869498230516911e-04
3.889804705977439880e-02
-7.498753815889358521e-02
5.882329940795898438e-01
6.528174281120300293e-01
-9.562208503484725952e-02
-1.165701448917388916e-01
-2.118473052978515625e-01
-4.544909670948982239e-02
-6.633519530296325684e-01
7.917443662881851196e-02
2.490730285644531250e-01
9.689939022064208984e-02
3.321146965026855469e-01
-4.636900499463081360e-02
-4.901846945285797119e-01
5.006873607635498047e-01
1.623808145523071289e-01
3.999912738800048828e-01
-2.555590867996215820e-01
-4.658877849578857422e-01
-2.631930112838745117e-01
-2.609023451805114746e-01
-7.121850252151489258e-01
7.974448800086975098e-02
1.000458076596260071e-01
-3.956462740898132324e-01
8.371016383171081543e-02
1.447526365518569946e-01
-7.115021347999572754e-01
2.215863615274429321e-01
-1.630468666553497314e-01
8.622561693191528320e-01
2.778417468070983887e-01
-2.271084487438201904e-01
5.881276726722717285e-02
4.275713860988616943e-01
1.001285985112190247e-01
-8.496513217687606812e-02
1.762665361166000366e-01
-1.193650439381599426e-02
-1.379158049821853638e-01
-6.739749908447265625e-01
1.196360513567924500e-01
-1.818766742944717407e-01
-2.077736258506774902e-01
-1.103289425373077393e-01
-2.290962636470794678e-01
-5.586015582084655762e-01
4.463859796524047852e-01
2.209796011447906494e-01
2.067972347140312195e-02
3.384399414062500000e-01
1.114138737320899963e-01
-9.815688431262969971e-02
-4.483628645539283752e-02
5.991876721382141113e-01
7.964879274368286133e-02
-2.530356049537658691e-01
-9.275443106889724731e-02
2.524056732654571533e-01
2.472490549087524414e+00
-2.640539109706878662e-01
-1.019524857401847839e-01
7.515174150466918945e-02
8.044285327196121216e-02
-2.956325709819793701e-01
-3.999077677726745605e-01
-1.110797822475433350e-01
2.111146226525306702e-02
-4.365848898887634277e-01
-2.085042595863342285e-01
5.560338497161865234e-02
-2.276904731988906860e-01
5.244140625000000000e-01
2.320238798856735229e-01
1.286694556474685669e-01
4.479936137795448303e-02
-3.510059416294097900e-01
-3.765444755554199219e-01
1.261122375726699829e-01
7.750910520553588867e-02
1.691820770502090454e-01
-8.205168247222900391e-01
-1.425215005874633789e-01
1.352018713951110840e-01
2.289458215236663818e-01
6.486719846725463867e-02
-2.063996791839599609e-01
2.897516265511512756e-02
-5.932012200355529785e-01
1.797143369913101196e-01
3.728459179401397705e-01
1.003329753875732422e-01
-7.873702049255371094e-02
4.097540676593780518e-01
1.645738333463668823e-01
3.509635329246520996e-01
