1.521796286106109619e-01
-9.017384052276611328e-02
-1.316538453102111816e-01
2.388781011104583740e-01
-5.131985545158386230e-01
-1.111513376235961914e+00
-1.790478378534317017e-01
-2.197320945560932159e-02
-1.895131766796112061e-01
-2.034928500652313232e-01
6.648831963539123535e-01
-1.199056625366210938e+00
4.339025020599365234e-01
2.245906591415405273e-01
5.835185050964355469e-01
3.775386214256286621e-01
-1.117172017693519592e-01
1.006902098655700684e+00
5.653215646743774414e-01
6.438847780227661133e-01
-8.186433911323547363e-01
1.276392936706542969e+00
-3.322646617889404297e-01
1.469650864601135254e+00
-3.717599511146545410e-01
4.757107049226760864e-02
3.561512380838394165e-02
1.213148474693298340e+00
1.375837564468383789e+00
-8.856667205691337585e-03
3.539596199989318848e-01
-8.431205749511718750e-01
1.384293474256992340e-02
7.105708122253417969e-01
3.804382681846618652e-02
1.200522184371948242e-01
4.505519866943359375e-01
-9.305446743965148926e-01
-1.370436668395996094e+00
5.774995088577270508e-01
-5.951493978500366211e-01
9.850635528564453125e-01
-8.378235101699829102e-01
6.755632162094116211e-02
-7.136770486831665039e-01
-4.263680577278137207e-01
-2.770013511180877686e-01
1.350548386573791504e+00
-1.141923189163208008e+00
1.550682168453931808e-02
-3.523992002010345459e-01
-4.225711822509765625e-01
-9.817306399345397949e-01
4.847775101661682129e-01
-4.127797186374664307e-01
4.148476943373680115e-02
3.449928760528564453e-01
-2.350064218044281006e-01
1.236516088247299194e-01
-5.972583889961242676e-01
5.321829319000244141e-01
5.428930521011352539e-01
-9.310407638549804688e-01
1.842172622680664062e+00
-4.116248190402984619e-01
3.368042781949043274e-02
-7.027355432510375977e-01
-9.076036214828491211e-01
3.536808788776397705e-01
-8.175651431083679199e-01
-8.976435661315917969e-01
6.179065704345703125e-01
9.789968729019165039e-01
-5.095218494534492493e-02
6.402420997619628906e-01
5.708179995417594910e-02
2.161527238786220551e-02
-2.926166355609893799e-01
3.289690613746643066e-01
-1.168344736099243164e+00
1.253450751304626465e+00
-4.702309966087341309e-01
5.149657130241394043e-01
-5.601547956466674805e-01
7.497082948684692383e-01
-1.208602905273437500e+00
2.445279806852340698e-01
-2.220521718263626099e-01
8.250121772289276123e-02
7.359596900641918182e-03
-4.323414862155914307e-01
3.591995537281036377e-01
9.780444204807281494e-02
7.835431098937988281e-01
-5.189892053604125977e-01
-1.479631513357162476e-01
-1.009993106126785278e-01
6.578336656093597412e-02
5.644618868827819824e-01
-1.870068609714508057e-01
7.059373706579208374e-02
-2.249999493360519409e-01
6.744708418846130371e-01
-3.436130881309509277e-01
-8.515778928995132446e-02
4.034423828125000000e-01
-2.514456808567047119e-01
-2.641591131687164307e-01
1.774192214012145996e+00
-1.452242285013198853e-01
7.753737568855285645e-01
1.995622813701629639e-01
1.736225485801696777e-01
9.269468188285827637e-01
7.764512300491333008e-01
9.845368564128875732e-02
-2.564861178398132324e-01
-8.389533758163452148e-01
-5.819723010063171387e-01
-2.409295737743377686e-01
-3.256989717483520508e-01
-3.500953614711761475e-01
-5.746910721063613892e-02
-1.461657285690307617e+00
-6.983548402786254883e-01
6.076470613479614258e-01
-8.843580633401870728e-02
5.601361393928527832e-01
1.600788086652755737e-01
-3.067499697208404541e-01
-2.382370876148343086e-03
9.009854495525360107e-02
1.865055263042449951e-01
5.380640551447868347e-02
1.345672458410263062e-01
3.789836913347244263e-02
-6.509237736463546753e-02
-4.115792810916900635e-01
2.834444642066955566e-01
-1.030283212661743164e+00
-1.368114352226257324e-02
5.048064589500427246e-01
-1.026117682456970215e+00
4.774282574653625488e-01
5.897458791732788086e-01
6.448256969451904297e-02
4.582303017377853394e-02
-1.183295473456382751e-01
3.364839255809783936e-01
-4.000630378723144531e-01
1.183047533035278320e+00
-1.656820327043533325e-01
4.743664860725402832e-01
5.115185976028442383e-01
-8.171949386596679688e-01
3.934868872165679932e-01
6.550977826118469238e-01
-9.784287214279174805e-01
2.781655192375183105e-01
4.186555743217468262e-01
1.025891900062561035e+00
9.541922807693481445e-02
9.256855249404907227e-01
2.416371852159500122e-01
-1.044565886259078979e-01
4.007266834378242493e-02
1.533783376216888428e-01
9.683744311332702637e-01
8.497135341167449951e-02
-1.985194161534309387e-02
-5.751693248748779297e-02
2.664679884910583496e-01
-1.070373773574829102e+00
-4.544718861579895020e-01
4.912218153476715088e-01
1.065538287162780762e+00
5.591140985488891602e-01
-5.695418119430541992e-01
4.062008112668991089e-02
-1.203595399856567383e+00
1.434430330991744995e-01
5.974123477935791016e-01
2.418564558029174805e-01
4.881096482276916504e-01
4.477513432502746582e-01
1.447797715663909912e-01
-7.092686891555786133e-01
-1.192104220390319824e-01
-5.950058102607727051e-01
-4.435281157493591309e-01
1.737803220748901367e-03
4.291178584098815918e-01
-6.497040390968322754e-01
-5.076007843017578125e-01
-6.158074736595153809e-01
2.811622321605682373e-01
-4.844965934753417969e-01
-1.855661571025848389e-01
1.272612661123275757e-01
8.955415338277816772e-02
1.654032170772552490e-01
8.293470144271850586e-01
-3.785091042518615723e-01
-7.706929445266723633e-01
1.100388988852500916e-01
3.995405510067939758e-02
-9.775056838989257812e-01
-5.816678404808044434e-01
-1.991437971591949463e-01
4.752420485019683838e-01
9.288522601127624512e-01
-1.834983229637145996e-01
1.459797620773315430e+00
3.565849363803863525e-02
2.072968930006027222e-01
3.128953576087951660e-01
3.611814379692077637e-01
-8.551748394966125488e-01
6.561160087585449219e-01
1.820572763681411743e-01
-9.877899885177612305e-01
1.451275795698165894e-01
-7.422434091567993164e-01
-9.841348975896835327e-02
-8.357825130224227905e-02
-1.115128770470619202e-01
-1.131854653358459473e-01
-2.288359642028808594e+01
-9.909847378730773926e-02
5.167797803878784180e-01
2.836390137672424316e-01
-3.667370676994323730e-01
-3.504645824432373047e-01
5.203977823257446289e-01
-5.671120285987854004e-01
-5.222168564796447754e-02
-1.558915823698043823e-01
-7.675215005874633789e-01
1.541402786970138550e-01
-3.276272416114807129e-01
1.336564779281616211e+00
4.824610427021980286e-02
9.381340444087982178e-02
-9.212620854377746582e-01
-1.842811107635498047e-01
8.877803683280944824e-01
-3.645632266998291016e-01
5.161291360855102539e-01
-1.174163445830345154e-01
-9.093940854072570801e-01
1.564428955316543579e-01
9.932238459587097168e-01
5.785659700632095337e-02
9.473128318786621094e-01
-2.167187929153442383e-01
-4.970121383666992188e-01
7.039121538400650024e-02
-5.938593149185180664e-01
-6.253977417945861816e-01
-6.808329820632934570e-01
-3.300237655639648438e-02
-2.028987854719161987e-01
2.161205932497978210e-02
9.537452459335327148e-02
6.294103860855102539e-01
-5.263668894767761230e-01
-1.254314780235290527e+00
3.403963446617126465e-01
4.254094958305358887e-01
3.788975477218627930e-01
1.037174224853515625e+00
-1.210577040910720825e-01
-8.519536852836608887e-01
-6.896799206733703613e-01
-3.453896939754486084e-02
-1.638491004705429077e-01
2.234469950199127197e-01
-4.921137690544128418e-01
-9.602223634719848633e-01
2.810830771923065186e-01
-3.863510191440582275e-01
-1.876558303833007812e+00
3.083500862121582031e-01
-7.712677866220474243e-02
5.279434323310852051e-01
7.784186601638793945e-01
3.088392689824104309e-02
-2.816852331161499023e-01
1.686169952154159546e-01
1.396915674209594727e+00
-3.112789988517761230e-01
2.639845013618469238e-01
-5.426545068621635437e-02
4.947569966316223145e-01
-4.289517402648925781e-01
-6.069626808166503906e-01
-4.254614412784576416e-01
5.784469842910766602e-01
2.353006899356842041e-01
-8.051137924194335938e-01
3.118554949760437012e-01
1.013549089431762695e+00
-4.297026991844177246e-02
-6.893132328987121582e-01
-1.115500926971435547e+00
-4.734459519386291504e-01
1.407010704278945923e-01
1.287390828132629395e+00
-9.083955734968185425e-02
1.117288827896118164e+00
-9.031093120574951172e-02
-2.701910018920898438e+00
-2.552729845046997070e-01
-4.807401299476623535e-01
-3.469938337802886963e-01
-4.414332807064056396e-01
-1.624683439731597900e-01
3.013177216053009033e-01
-4.403298795223236084e-01
2.220895290374755859e+00
4.919936656951904297e-01
6.814439892768859863e-01
-1.197148561477661133e+00
-3.688100874423980713e-01
6.347679495811462402e-01
8.842099905014038086e-01
-9.027411341667175293e-01
3.036171793937683105e-01
-3.718854784965515137e-01
1.949345618486404419e-01
-2.230579219758510590e-02
-1.330293297767639160e+00
-5.341842770576477051e-01
-8.373988866806030273e-01
-1.545155346393585205e-01
5.430280566215515137e-01
-3.817654401063919067e-02
8.315402269363403320e-02
2.156991213560104370e-01
-1.214719787240028381e-01
-6.062754392623901367e-01
-1.850771009922027588e-01
8.548891544342041016e-02
-7.141515016555786133e-01
6.482392549514770508e-01
2.003012970089912415e-02
2.785767018795013428e-01
9.676140546798706055e-01
3.364273309707641602e-01
-5.184478759765625000e-01
-4.067219197750091553e-01
-5.613609552383422852e-01
-1.738958954811096191e+00
-9.049905538558959961e-01
7.327601313591003418e-01
-3.663929179310798645e-02
1.363911151885986328e+00
8.104987442493438721e-02
-2.685953974723815918e-01
2.788472771644592285e-01
-9.326627850532531738e-01
-1.474557630717754364e-02
-2.014810591936111450e-01
-3.009139001369476318e-01
-3.538826107978820801e-01
-6.899990439414978027e-01
-6.257499456405639648e-01
3.331304192543029785e-01
-5.075069069862365723e-01
-1.157959222793579102e+00
3.351627588272094727e-01
-1.142788492143154144e-02
-8.435303568840026855e-01
-1.667806059122085571e-01
3.079657554626464844e-01
8.012396842241287231e-02
-1.842747688293457031e+00
1.323150873184204102e+00
-7.185419201850891113e-01
5.255647301673889160e-01
1.289894223213195801e+00
-3.347021639347076416e-01
6.929098367691040039e-01
1.858451515436172485e-01
3.472428619861602783e-01
-9.876273106783628464e-04
-2.584449648857116699e-01
-5.411651730537414551e-02
-9.879106283187866211e-01
1.850000023841857910e+00
9.339497685432434082e-01
-2.645875513553619385e-01
1.851743832230567932e-02
7.577112913131713867e-01
-8.198267221450805664e-01
-1.458078145980834961e+00
4.256516396999359131e-01
1.402032256126403809e+00
-4.139982163906097412e-01
-2.887556850910186768e-01
-3.076974451541900635e-01
3.997291624546051025e-01
-1.502705514430999756e-01
-1.486210346221923828e+00
-7.152692228555679321e-02
1.736250668764114380e-01
3.748355507850646973e-01
9.135708808898925781e-01
-4.826029017567634583e-02
9.093329310417175293e-01
7.581794857978820801e-01
-1.463252604007720947e-01
4.851289391517639160e-01
-1.454460144042968750e+00
-8.930143117904663086e-01
-6.029236912727355957e-01
-1.208519339561462402e+00
-3.921180963516235352e-02
-3.545619845390319824e-01
-7.656704783439636230e-01
-7.269114851951599121e-01
-1.849209964275360107e-01
3.131170868873596191e-01
-1.775372743606567383e+00
-3.605402410030364990e-01
-5.383732914924621582e-01
7.420992851257324219e-01
-5.313836932182312012e-01
-3.215319514274597168e-01
1.228880323469638824e-02
-1.673202514648437500e+00
-6.205099225044250488e-01
5.508822202682495117e-01
-1.390483021736145020e+00
-1.412127912044525146e-01
-6.411141157150268555e-01
-2.000339329242706299e-01
-5.760021209716796875e-01
4.146217405796051025e-01
3.787615895271301270e-01
3.131283819675445557e-01
2.117880135774612427e-01
6.819907426834106445e-01
-4.195446074008941650e-01
-1.064925417304039001e-01
-3.103801980614662170e-02
9.283709526062011719e-01
-2.035501450300216675e-01
2.577252089977264404e-01
-6.582748144865036011e-02
-2.871385812759399414e-01
-1.397349119186401367e+00
1.726171076297760010e-01
-9.051772356033325195e-01
9.779304265975952148e-01
-6.658236384391784668e-01
8.580455183982849121e-02
7.098306417465209961e-01
-7.859902828931808472e-02
-8.473728597164154053e-02
-7.358947992324829102e-01
-2.217155648395419121e-03
-8.044847249984741211e-01
1.994142830371856689e-01
8.014820516109466553e-02
-7.858901619911193848e-01
2.892105281352996826e-01
2.733287811279296875e-01
-5.816679596900939941e-01
3.934106230735778809e-01
-3.985633552074432373e-01
-4.331901073455810547e-01
-3.706196844577789307e-01
2.570510804653167725e-01
-7.389920949935913086e-01
-1.262987017631530762e+00
1.536957472562789917e-01
-3.884425759315490723e-01
6.693903803825378418e-01
7.458130121231079102e-01
1.634732075035572052e-02
3.080948591232299805e-01
-4.189837872982025146e-01
-2.189405709505081177e-01
-1.704762922599911690e-03
2.932190299034118652e-01
-1.419619284570217133e-02
-4.152900073677301407e-03
2.408332079648971558e-01
-1.035737991333007812e-01
2.988058626651763916e-01
-1.900386512279510498e-01
3.023218810558319092e-01
-1.090194463729858398e+00
3.598917424678802490e-01
-1.682896018028259277e+00
-1.429415941238403320e+00
-7.347122430801391602e-01
-3.454022109508514404e-01
-3.873055577278137207e-01
-1.082209229469299316e+00
1.393166661262512207e+00
2.446123659610748291e-01
-7.050975561141967773e-01
-3.180452287197113037e-01
-4.730028510093688965e-01
-4.434603750705718994e-01
8.162801861763000488e-01
-4.234178662300109863e-01
6.991989016532897949e-01
-8.449555188417434692e-02
-6.510844230651855469e-01
-4.429491460323333740e-01
1.654780954122543335e-01
-4.168170392513275146e-01
-1.135959252715110779e-01
-8.049128204584121704e-02
4.975615143775939941e-01
-4.176113009452819824e-01
2.821381390094757080e-02
1.110707044601440430e+00
-3.915489614009857178e-01
3.365831077098846436e-01
7.096000909805297852e-01
1.708887815475463867e-01
7.366102337837219238e-01
-9.271904230117797852e-01
5.936715602874755859e-01
-1.655302792787551880e-01
-8.184841871261596680e-01
3.830897212028503418e-01
1.700011193752288818e-01
-5.271330475807189941e-01
2.183063477277755737e-01
-7.531392574310302734e-01
5.509091615676879883e-01
-8.455916643142700195e-01
-8.045659065246582031e-01
-3.947748243808746338e-01
1.799790382385253906e+00
-7.435424923896789551e-01
-2.679147124290466309e-01
-1.301915764808654785e+00
-6.831981539726257324e-01
3.137114644050598145e-01
5.322221517562866211e-01
-2.163912728428840637e-02
1.272573828697204590e+00
-3.734138607978820801e-01
1.591402292251586914e-01
-1.108010172843933105e+00
-6.507601737976074219e-01
6.559259891510009766e-01
6.396716833114624023e-02
-1.712432146072387695e+00
-3.783163428306579590e-01
4.925815165042877197e-01
8.551794886589050293e-01
4.201954230666160583e-02
5.388259291648864746e-01
-2.244381606578826904e-01
3.635894954204559326e-01
4.736839830875396729e-01
-4.513708055019378662e-01
1.948910504579544067e-01
-5.482905507087707520e-01
8.186403661966323853e-02
-8.363269269466400146e-02
6.679496765136718750e-01
-1.332524977624416351e-02
5.280262231826782227e-01
-1.150717377662658691e+00
-1.459404587745666504e+00
-2.834897935390472412e-01
-6.319767236709594727e-01
-7.352340817451477051e-01
-1.807994395494461060e-01
4.832182526588439941e-01
-4.215129911899566650e-01
-2.660481929779052734e-01
1.072482705116271973e+00
1.528196483850479126e-01
1.275135725736618042e-01
-1.102731347084045410e+00
9.613609313964843750e-01
1.303833723068237305e+00
2.523954808712005615e-01
-6.178264506161212921e-03
-6.876596212387084961e-01
-1.280358135700225830e-01
-5.741284489631652832e-01
-7.487589716911315918e-01
9.042130708694458008e-01
6.552495956420898438e-01
3.648611605167388916e-01
4.407066479325294495e-02
-2.480497658252716064e-01
3.287201225757598877e-01
1.481247305870056152e+00
-5.742911100387573242e-01
-6.709253191947937012e-01
-6.443929672241210938e-01
8.436281085014343262e-01
-1.011265039443969727e+00
2.404507398605346680e-01
1.774799674749374390e-01
-5.222139358520507812e-01
1.964989155530929565e-01
1.075395107269287109e+00
1.184794425964355469e+00
8.502794802188873291e-02
-4.581394791603088379e-01
2.752882242202758789e-02
7.136269807815551758e-01
1.965624690055847168e-01
-2.876958250999450684e-01
-1.503205895423889160e-01
1.494779288768768311e-01
6.035920381546020508e-01
6.660288572311401367e-01
1.011335134506225586e+00
-7.800988554954528809e-01
3.025945127010345459e-01
-2.112661302089691162e-01
6.034188270568847656e-01
-1.271063983440399170e-01
-6.245952248573303223e-01
3.637693524360656738e-01
-2.317685782909393311e-01
1.727899760007858276e-01
-8.739607036113739014e-02
7.169678211212158203e-01
1.133194446563720703e+00
3.626147285103797913e-02
4.842712879180908203e-01
-9.730976223945617676e-01
5.657671093940734863e-01
-7.221108675003051758e-01
3.309671878814697266e-01
3.159970790147781372e-02
-1.728904128074645996e+00
-8.676927685737609863e-01
1.235157474875450134e-01
-1.250682473182678223e+00
-3.749399781227111816e-01
1.334641873836517334e-01
-1.779740691184997559e+00
7.007943391799926758e-01
-3.830829560756683350e-01
-6.454180926084518433e-02
9.102034568786621094e-01
8.017848432064056396e-02
1.822946406900882721e-02
1.079137101769447327e-01
1.203381657600402832e+00
-6.259713172912597656e-01
1.150206774473190308e-01
-4.138509333133697510e-01
-8.923696279525756836e-01
1.162423133850097656e+00
7.257865369319915771e-02
2.666694819927215576e-01
8.380138874053955078e-02
-3.394467830657958984e-01
8.231043070554733276e-02
1.350188255310058594e+00
1.087027937173843384e-01
-4.394873231649398804e-02
1.410096436738967896e-01
-1.306377172470092773e+00
1.403957307338714600e-01
1.128773689270019531e+00
-4.412013888359069824e-01
-1.532328128814697266e-01
8.388269543647766113e-01
-3.593141734600067139e-01
-4.134321212768554688e-01
4.809083044528961182e-01
-1.372382760047912598e+00
-1.182982802391052246e+00
1.943397521972656250e-02
-4.760408401489257812e-01
8.893746137619018555e-01
6.465904116630554199e-01
3.704347014427185059e-01
-6.769662499427795410e-01
4.811798036098480225e-01
-6.968172788619995117e-01
1.204811096191406250e+00
-3.478127121925354004e-01
4.959985380992293358e-04
-3.685447573661804199e-01
5.496199801564216614e-02
-1.025977492332458496e+00
-2.160258740186691284e-01
1.958140134811401367e-01
-1.452260464429855347e-01
-1.047942876815795898e+00
-6.786803901195526123e-02
-1.085873723030090332e+00
-1.056281328201293945e-01
-1.608822941780090332e-01
4.165473580360412598e-01
2.396598458290100098e-02
-2.096892893314361572e-01
-5.299113392829895020e-01
7.382065057754516602e-03
9.623451232910156250e-01
5.505945086479187012e-01
1.570027589797973633e+00
-1.991739273071289062e+00
-1.304923057556152344e+00
-1.052240371704101562e+00
2.790180146694183350e-01
-1.266316294670104980e+00
-3.735016286373138428e-01
1.588204503059387207e-02
-3.801040053367614746e-01
-5.876896381378173828e-01
4.617553353309631348e-01
1.508866071701049805e+00
-1.122102379798889160e+00
-4.016784578561782837e-02
3.227769434452056885e-01
-9.741901159286499023e-01
5.457747727632522583e-02
4.611086845397949219e-01
-3.551774099469184875e-02
1.686813831329345703e-01
6.337518095970153809e-01
5.905944705009460449e-01
4.081954479217529297e+00
-5.284212231636047363e-01
3.182657659053802490e-01
-5.866584181785583496e-02
9.217955172061920166e-02
-2.444382607936859131e-01
-3.259410262107849121e-01
1.047646284103393555e+00
-7.417326569557189941e-01
-6.038126945495605469e-01
5.158094763755798340e-01
2.492268383502960205e-01
1.600590467453002930e+00
9.787275195121765137e-01
-1.729988455772399902e-01
-2.640891633927822113e-02
-1.052026033401489258e+00
-8.429304957389831543e-01
-5.267428159713745117e-01
4.486960768699645996e-01
-1.731763333082199097e-01
-1.120616436004638672e+00
-1.016352415084838867e+00
-4.432484507560729980e-03
2.738022804260253906e-01
4.524173736572265625e-01
3.048506379127502441e-01
2.266819924116134644e-01
4.820673465728759766e-01
-1.384717702865600586e+00
1.261585474014282227e+00
-4.921340942382812500e-02
-1.930490136146545410e-02
-4.519742429256439209e-01
2.962951362133026123e-01
1.185608983039855957e+00
7.227593660354614258e-01
