3.115014731884002686e-02
-4.031203091144561768e-01
-1.229184269905090332e+00
-6.166735291481018066e-01
-3.057380616664886475e-01
-1.611032128334045410e+00
-2.516933679580688477e-01
3.996295854449272156e-02
-8.707122802734375000e-01
-1.570447981357574463e-01
2.868358194828033447e-01
-1.201541423797607422e+00
-1.798844784498214722e-01
-9.935199022293090820e-01
4.692102670669555664e-01
-4.963082671165466309e-01
7.492904663085937500e-01
7.617443054914474487e-02
8.611611127853393555e-01
1.573288798332214355e+00
-5.026707053184509277e-01
5.758234858512878418e-01
-6.846759319305419922e-01
1.820935159921646118e-01
-5.238512158393859863e-01
2.051621824502944946e-01
1.301563382148742676e+00
2.797982454299926758e+00
9.997159242630004883e-01
-1.929491311311721802e-01
-1.227197885513305664e+00
1.425057530403137207e+00
-1.141557842493057251e-01
1.978997290134429932e-01
1.526246547698974609e+00
-4.834154248237609863e-01
-8.264474868774414062e-01
1.316607832908630371e+00
-6.740059852600097656e-01
2.257608026266098022e-01
-5.491632819175720215e-01
2.034932851791381836e+00
-6.171967387199401855e-01
-7.284861207008361816e-01
3.955290913581848145e-01
-6.187782883644104004e-01
-2.398233264684677124e-01
1.440577745437622070e+00
-6.932532787322998047e-01
4.746642410755157471e-01
-1.394999980926513672e+00
2.322118729352951050e-02
-1.179953813552856445e+00
5.246633291244506836e-01
1.683630466461181641e+00
-7.321692109107971191e-01
2.940625250339508057e-01
3.418922796845436096e-02
1.059281468391418457e+00
8.101733922958374023e-01
3.654238283634185791e-01
-1.366831958293914795e-01
-1.361012697219848633e+00
7.455350160598754883e-01
-2.402784377336502075e-01
-2.617081701755523682e-01
1.292982459068298340e+00
-7.116259336471557617e-01
7.093480229377746582e-01
-7.731289267539978027e-01
4.113246798515319824e-01
1.500775068998336792e-01
-1.930139064788818359e+00
-4.917891621589660645e-01
4.643794894218444824e-01
4.177792072296142578e-01
-3.202601969242095947e-01
-1.565369009971618652e+00
2.517337501049041748e-01
-9.700142592191696167e-02
1.339900016784667969e+00
-9.524622559547424316e-01
-1.216778308153152466e-01
-1.641700565814971924e-01
-1.202499270439147949e+00
9.532654285430908203e-01
6.858743429183959961e-01
-4.819783270359039307e-01
4.429216384887695312e-01
-1.006933927536010742e+00
-1.012696400284767151e-01
-5.580398440361022949e-01
1.791080594062805176e+00
-1.043937444686889648e+00
5.856224298477172852e-01
-2.517493069171905518e-01
7.479276061058044434e-01
6.646715998649597168e-01
9.135537743568420410e-01
4.084519743919372559e-01
4.776939153671264648e-01
4.425738155841827393e-01
2.264928519725799561e-01
-1.760340929031372070e+00
1.364871859550476074e+00
5.432742834091186523e-01
6.601537466049194336e-01
-1.344848752021789551e+00
-9.208251535892486572e-02
5.932431221008300781e-01
9.743512608110904694e-03
6.346766352653503418e-01
-1.591376185417175293e+00
-1.304312646389007568e-01
-1.805705726146697998e-01
8.324146270751953125e-02
-1.128100037574768066e+00
7.060949802398681641e-01
5.320749282836914062e-01
5.987343788146972656e-01
-2.377740889787673950e-01
8.338747620582580566e-01
-7.053751349449157715e-01
-1.353650540113449097e-01
-3.861122205853462219e-02
7.624472379684448242e-01
4.633594453334808350e-01
-2.940435707569122314e-01
1.490721940994262695e+00
3.136158227920532227e+00
-6.824749708175659180e-01
6.192752122879028320e-01
-1.569751977920532227e+00
3.112705349922180176e-01
-2.467475980520248413e-01
-1.098404288291931152e+00
-6.788790822029113770e-01
-3.461569547653198242e-01
-1.559844255447387695e+00
-3.812532424926757812e-01
-6.301964521408081055e-01
6.416880488395690918e-01
7.094032168388366699e-01
2.100877523422241211e+00
1.166555762290954590e+00
4.936008155345916748e-01
-2.000172883272171021e-01
-9.062800407409667969e-01
8.248249292373657227e-01
-2.059889078140258789e+00
-4.519863054156303406e-02
-9.822604060173034668e-01
-7.666835784912109375e-01
-1.415100812911987305e+00
9.924051761627197266e-01
-1.150499463081359863e+00
2.375048696994781494e-01
9.059235453605651855e-01
-6.761305332183837891e-01
2.348915290832519531e+01
-1.981218099594116211e+00
-4.583893716335296631e-01
-2.084669172763824463e-01
2.268015742301940918e-01
3.722359836101531982e-01
1.424459666013717651e-01
-3.161714375019073486e-01
1.214199662208557129e+00
-2.467370510101318359e+00
-1.760933756828308105e+00
6.250826269388198853e-02
2.616015374660491943e-01
-1.637519955635070801e+00
-1.541627049446105957e+00
-1.199710488319396973e+00
1.571096897125244141e+00
6.276753544807434082e-01
6.663668751716613770e-01
-1.169873952865600586e+00
-9.374276399612426758e-01
-9.737907648086547852e-01
-1.729018807411193848e+00
2.427764534950256348e-01
1.269413471221923828e+00
-4.485709071159362793e-01
9.450631141662597656e-01
1.326389670372009277e+00
-9.223369359970092773e-01
6.979604363441467285e-01
9.806911349296569824e-01
-5.544306635856628418e-01
4.516022801399230957e-01
1.243921637535095215e+00
3.507177233695983887e-01
9.468480944633483887e-01
5.356657505035400391e-01
7.631859779357910156e-01
-3.065251410007476807e-01
1.445242643356323242e+00
8.817595243453979492e-02
-4.311692416667938232e-01
-1.505747556686401367e+00
6.688456237316131592e-02
9.298467040061950684e-01
-4.580560028553009033e-01
-8.479929566383361816e-01
-1.405384659767150879e+00
4.669130146503448486e-01
-6.360412240028381348e-01
2.484191209077835083e-01
-8.543030619621276855e-01
5.914128422737121582e-01
9.998757839202880859e-01
-1.411182880401611328e+00
-5.794503092765808105e-01
4.582776725292205811e-01
-1.181215047836303711e+00
-1.675979256629943848e+00
1.487004876136779785e+00
-6.977236270904541016e-02
-1.570201873779296875e+00
-2.059777975082397461e-01
-1.246876120567321777e+00
5.359535291790962219e-02
2.042189359664916992e+00
-2.835009396076202393e-01
-1.923294365406036377e-02
-1.538180828094482422e+00
1.104676723480224609e+00
2.915784716606140137e-01
-4.844691753387451172e-01
7.379555702209472656e-01
1.458150744438171387e-01
-6.365865468978881836e-01
-7.360568046569824219e-01
-2.303884327411651611e-01
-2.391886711120605469e-01
7.728146910667419434e-01
-1.082500576972961426e+00
2.198984146118164062e+00
-1.646238327026367188e+00
-8.930251598358154297e-01
-6.477797627449035645e-01
-5.199989676475524902e-02
6.297420263290405273e-01
1.960198581218719482e-01
-1.277715712785720825e-01
-9.862940311431884766e-01
3.621545433998107910e-01
-7.855881452560424805e-01
-4.661790728569030762e-01
-8.124539256095886230e-01
-1.949166953563690186e-01
1.050044059753417969e+00
3.593993186950683594e-01
8.521561622619628906e-01
1.927335113286972046e-01
1.647231101989746094e+00
-5.940949916839599609e-01
-1.966395974159240723e-01
-7.561730146408081055e-01
-1.244334220886230469e+00
-2.597427964210510254e-01
-2.409894019365310669e-02
1.558467745780944824e+00
-4.590928852558135986e-01
-1.358285844326019287e-01
-9.432694315910339355e-01
-4.582220017910003662e-01
4.046707749366760254e-01
-1.337225317955017090e+00
4.202034473419189453e-01
-1.210699081420898438e-01
2.678952515125274658e-01
-1.453527212142944336e+00
-5.263922810554504395e-01
1.454589605331420898e+00
-3.854757845401763916e-01
-2.031567573547363281e+00
-8.682164549827575684e-01
-2.724465429782867432e-01
-6.611242890357971191e-01
-1.010661840438842773e+00
-2.188247591257095337e-01
-1.407839775085449219e+00
-9.991292357444763184e-01
-1.696408152580261230e+00
9.735850244760513306e-02
1.014434695243835449e+00
-1.125131151638925076e-03
1.683693677186965942e-01
2.109068483114242554e-01
-1.301954239606857300e-01
-4.104991555213928223e-01
9.278395771980285645e-01
4.638506472110748291e-01
-2.031550407409667969e+00
-5.912658572196960449e-01
1.997116327285766602e+00
1.619975924491882324e+00
-3.490577936172485352e-01
1.316473245620727539e+00
-1.212699890136718750e+00
-5.947279930114746094e-01
2.389567047357559204e-01
6.117179989814758301e-01
6.639563441276550293e-01
-1.767365783452987671e-01
3.092601299285888672e-01
6.208766698837280273e-01
-3.212884366512298584e-01
4.642065167427062988e-01
9.078609347343444824e-01
-5.276594758033752441e-01
3.300707340240478516e+00
-1.503744244575500488e+00
-5.267918705940246582e-01
4.210720658302307129e-01
-4.066087305545806885e-01
8.542305231094360352e-01
-1.090499520301818848e+00
-9.417111277580261230e-01
6.823924779891967773e-01
-2.599436938762664795e-01
-4.739193320274353027e-01
-1.431783437728881836e-01
4.167633876204490662e-02
1.310378551483154297e+00
6.720449924468994141e-01
8.883118033409118652e-01
-6.135377287864685059e-01
9.336742162704467773e-01
-2.827018499374389648e-02
8.136665225028991699e-01
8.193258643150329590e-01
-9.577726125717163086e-01
-4.294007718563079834e-01
-1.440857887268066406e+00
-1.224982976913452148e+00
-9.343720227479934692e-02
-1.819454193115234375e+00
1.357918143272399902e+00
1.805675148963928223e+00
-6.412439942359924316e-01
-2.451693266630172729e-01
9.643682092428207397e-02
-1.100079566240310669e-01
-4.739385545253753662e-01
-5.410735607147216797e-01
8.926613926887512207e-01
7.635353207588195801e-01
3.210345804691314697e-01
-6.049411296844482422e-01
-5.695149302482604980e-01
4.842564761638641357e-01
3.999136090278625488e-01
9.773764610290527344e-01
1.066291570663452148e+00
1.446789145469665527e+00
2.535252571105957031e-01
-2.284272015094757080e-01
7.967839241027832031e-01
1.061169385910034180e+00
7.749611139297485352e-01
5.013905167579650879e-01
-3.753157258033752441e-01
5.292894244194030762e-01
-1.295603990554809570e+00
-9.450447559356689453e-02
-1.194132447242736816e+00
-4.250236451625823975e-01
3.116403222084045410e-01
1.780762523412704468e-01
6.369840502738952637e-01
1.884935945272445679e-01
-1.218835115432739258e+00
1.101118922233581543e-01
1.572968006134033203e+00
-7.146903872489929199e-01
1.052358746528625488e-01
3.647845089435577393e-01
9.189680218696594238e-01
-1.725870817899703979e-01
-1.366628050804138184e+00
-1.451721906661987305e+00
1.164865612983703613e+00
-7.799085229635238647e-02
-1.756007432937622070e+00
-1.192474007606506348e+00
1.833195805549621582e+00
1.210226655006408691e+00
-9.970889985561370850e-02
1.859204530715942383e+00
3.051161468029022217e-01
-1.279561996459960938e+00
2.708850800991058350e-01
-2.766769230365753174e-01
5.916670560836791992e-01
3.791591823101043701e-01
1.111758202314376831e-01
-7.082841992378234863e-01
-3.835082650184631348e-01
-4.358086287975311279e-01
2.987826764583587646e-01
5.238860379904508591e-03
-4.509868323802947998e-01
-6.442874670028686523e-01
8.160784840583801270e-01
-6.535719633102416992e-01
2.080817222595214844e+00
-8.833004832267761230e-01
1.402205973863601685e-01
7.515026330947875977e-01
5.997896790504455566e-01
5.164732933044433594e-01
8.399427533149719238e-01
1.244471073150634766e+00
2.404273003339767456e-01
6.057890653610229492e-01
6.914892047643661499e-02
1.368499755859375000e+00
5.057930350303649902e-01
7.090717554092407227e-01
2.345301397144794464e-02
-1.533833146095275879e+00
1.524219214916229248e-01
3.945782780647277832e-01
2.182049989700317383e+00
9.962727129459381104e-02
-5.434924364089965820e-01
-4.456953704357147217e-01
-1.335543036460876465e+00
5.197322964668273926e-01
-2.494133859872817993e-01
-8.867849707603454590e-01
4.751748442649841309e-01
6.022189855575561523e-01
-3.022997677326202393e-01
1.121733069419860840e+00
-6.996649503707885742e-01
-1.011256337165832520e+00
7.715805768966674805e-01
-5.663831830024719238e-01
-9.969016313552856445e-01
-4.131437838077545166e-01
1.515404880046844482e-01
5.158781409263610840e-01
-1.242630600929260254e+00
-3.003735244274139404e-01
-4.104778766632080078e-01
-1.546190142631530762e+00
1.754520535469055176e+00
-6.577851772308349609e-01
3.291640281677246094e+00
-8.051296472549438477e-01
8.999875187873840332e-01
-1.455066651105880737e-01
-3.724071383476257324e-01
-1.086355566978454590e+00
8.311529159545898438e-01
-6.923498213291168213e-02
8.658894896507263184e-01
-1.688284724950790405e-01
-8.828805088996887207e-01
-2.802619338035583496e-01
3.166101276874542236e-01
-6.600131392478942871e-01
-5.818343907594680786e-02
-2.414655834436416626e-01
2.565165758132934570e-01
-1.450546383857727051e-01
5.109705328941345215e-01
1.216648221015930176e+00
5.618622779846191406e+00
1.177094101905822754e+00
8.666118979454040527e-01
7.083307504653930664e-01
-1.073153257369995117e+00
-1.272685974836349487e-01
1.121691688895225525e-01
7.596425414085388184e-01
-1.196140766143798828e+00
-1.372239112854003906e+00
-9.794715642929077148e-01
-1.250598907470703125e+00
2.965758562088012695e+00
-5.637615919113159180e-01
9.299097210168838501e-02
-4.934128224849700928e-01
-2.920368432998657227e+00
-1.146126165986061096e-01
6.610588729381561279e-02
6.514536738395690918e-01
-3.052068352699279785e-01
7.489443421363830566e-01
7.082052230834960938e-01
6.755033135414123535e-01
-2.580063343048095703e-01
-1.300664186477661133e+00
1.371036469936370850e-01
-2.944052934646606445e+00
-2.608020305633544922e-01
-2.254418469965457916e-02
-3.565914034843444824e-01
6.744816899299621582e-01
-1.391946196556091309e+00
5.385649204254150391e-01
9.131441265344619751e-02
1.712351739406585693e-01
-8.097090721130371094e-01
-1.059407353401184082e+00
-2.682632207870483398e-01
-1.160021424293518066e+00
-3.353741466999053955e-01
-3.192524313926696777e-01
-3.249294757843017578e-01
2.689997255802154541e-01
-8.529471755027770996e-01
2.852919399738311768e-01
-1.501276969909667969e+00
6.284817457199096680e-01
1.999919563531875610e-01
1.560835719108581543e+00
2.140549719333648682e-01
3.194764554500579834e-01
1.527774035930633545e-01
1.500358462333679199e+00
-2.651256322860717773e-01
-1.555566310882568359e+00
4.487261474132537842e-01
4.406980276107788086e-01
-2.754665315151214600e-01
8.501345515251159668e-01
4.649431705474853516e-01
-7.717890739440917969e-01
-3.608749806880950928e-01
1.934843420982360840e+00
1.470684170722961426e+00
-7.092954516410827637e-01
6.280168890953063965e-01
-2.309232205152511597e-01
-3.106873929500579834e-01
-9.368456602096557617e-01
6.310474872589111328e-01
3.741405010223388672e-01
-4.870422184467315674e-01
-9.099308252334594727e-01
-2.715355902910232544e-02
-1.494214415550231934e+00
6.865422129631042480e-01
-4.816601276397705078e-01
1.024140357971191406e+01
5.372805595397949219e-01
-1.237923145294189453e+00
1.148251652717590332e+00
-2.207577943801879883e+00
-1.033376097679138184e+00
2.155240625143051147e-01
-1.102275848388671875e+00
6.320026516914367676e-01
-8.737724423408508301e-01
1.106548666954040527e+00
1.508490443229675293e+00
1.036420702934265137e+00
5.912926197052001953e-01
-3.111028432846069336e+00
-9.680010080337524414e-01
-3.914979994297027588e-01
1.229947090148925781e+00
-2.375449836254119873e-01
-2.704685020446777344e+01
-8.817607760429382324e-01
-4.565644860267639160e-01
-9.974391460418701172e-01
5.049166083335876465e-01
-2.560138702392578125e-02
-5.099465847015380859e-01
1.420429825782775879e+00
-9.025967717170715332e-01
-3.932793140411376953e-01
-7.704491615295410156e-01
1.501325726509094238e+00
6.712995767593383789e-01
4.917932748794555664e-01
1.200181618332862854e-01
-7.391450405120849609e-01
3.265537619590759277e-01
9.327887892723083496e-01
1.452447175979614258e-01
1.526240229606628418e+00
6.363118290901184082e-01
-1.747183322906494141e+00
-4.510163068771362305e-01
-2.329205125570297241e-01
9.022004157304763794e-02
5.570700764656066895e-02
1.066638469696044922e+00
9.509677439928054810e-02
2.021934092044830322e-01
2.312453269958496094e+00
9.082421064376831055e-01
-5.560559406876564026e-02
4.834161102771759033e-01
-7.832634449005126953e-01
3.911674320697784424e-01
4.984511733055114746e-01
-1.185965776443481445e+00
2.679160535335540771e-01
9.100176095962524414e-01
1.193816423416137695e+00
-2.386799305677413940e-01
-1.218878149986267090e+00
-8.483193516731262207e-01
5.696511268615722656e-01
4.732387661933898926e-01
2.190345674753189087e-01
9.994772672653198242e-01
8.588381409645080566e-01
-8.819799423217773438e-01
-5.127478241920471191e-01
4.660132154822349548e-02
5.335421562194824219e-01
1.656653136014938354e-01
-1.551022291183471680e+00
5.881028175354003906e-01
4.323708713054656982e-01
1.993616372346878052e-01
4.525976255536079407e-03
-1.126101493835449219e+00
1.963711529970169067e-01
-5.983517318964004517e-02
-4.845654964447021484e-01
-5.019509792327880859e-01
2.821717739105224609e+00
-3.114893436431884766e-01
1.534943699836730957e+00
1.079837322235107422e+00
-1.995918527245521545e-02
4.864543378353118896e-01
-3.813821822404861450e-02
-1.581178665161132812e+00
3.426937162876129150e-01
2.641420662403106689e-01
3.060317516326904297e+00
1.963399291038513184e+00
1.558477163314819336e+00
-6.447829008102416992e-01
-1.247397780418395996e+00
1.367987394332885742e-01
2.858754992485046387e-01
-1.228860139846801758e+00
1.424879789352416992e+00
-2.183004766702651978e-01
2.494126260280609131e-01
9.825215339660644531e-01
-4.425227642059326172e-01
2.132288455963134766e+00
1.420748710632324219e+00
2.457637786865234375e-01
-1.642088174819946289e+00
-8.210477232933044434e-01
1.392135769128799438e-01
1.451778173446655273e+00
-1.035374641418457031e+00
-1.554704159498214722e-01
6.611140966415405273e-01
6.410912871360778809e-01
1.322669982910156250e+00
5.782037377357482910e-01
2.902614474296569824e-01
2.649952769279479980e-01
1.558823347091674805e+00
-7.530963420867919922e-01
3.359887003898620605e-01
7.368921637535095215e-01
-1.413820862770080566e+00
-1.551861166954040527e-01
9.845539331436157227e-01
2.610394060611724854e-01
-1.106258511543273926e+00
2.182152420282363892e-01
-5.853273347020149231e-02
-8.990381360054016113e-01
2.389501929283142090e-01
7.255436182022094727e-01
-4.867625236511230469e-01
1.037245839834213257e-01
-7.616583704948425293e-01
-3.977035284042358398e-01
1.397892355918884277e+00
-2.535312771797180176e-01
-7.382228374481201172e-01
1.448322534561157227e+00
-4.298375844955444336e-01
9.725731611251831055e-02
-1.125005960464477539e+00
-5.416045188903808594e-01
2.129135429859161377e-01
-1.235345482826232910e+00
-1.003933072090148926e+00
6.944800615310668945e-01
-1.585369586944580078e+00
1.055045843124389648e+00
2.188952118158340454e-01
7.502778768539428711e-01
9.660417586565017700e-02
1.012711286544799805e+00
-4.620070755481719971e-01
-3.812782764434814453e-01
1.095647335052490234e+00
9.200944304466247559e-01
2.663009464740753174e-01
-3.238907456398010254e-01
-9.107716083526611328e-01
-7.347351312637329102e-01
1.387829899787902832e+00
1.372267603874206543e+00
-8.868398666381835938e-01
-1.054193452000617981e-01
-1.924160569906234741e-01
1.031964063644409180e+00
5.655448436737060547e-01
1.344446301460266113e+00
1.172002315521240234e+00
1.438508182764053345e-01
-3.695543408393859863e-01
6.028294563293457031e-01
2.901265323162078857e-01
-1.728158593177795410e+00
1.853497773408889771e-01
-6.168088689446449280e-02
8.289559483528137207e-01
-6.990366578102111816e-01
9.195204824209213257e-02
-3.642287552356719971e-01
-4.924594759941101074e-01
-2.887893617153167725e-01
8.495161533355712891e-01
-3.343226611614227295e-01
3.837015330791473389e-01
-3.805050253868103027e-02
-5.083195567131042480e-01
-9.732358902692794800e-02
2.556663036346435547e+00
1.166310667991638184e+00
4.840351045131683350e-01
1.014672517776489258e+00
6.791620701551437378e-02
1.501121222972869873e-01
5.764957070350646973e-01
5.918210744857788086e-01
-1.078939437866210938e-02
-3.463068008422851562e-01
1.615477442741394043e+00
-5.800893306732177734e-01
-4.475657045841217041e-01
-3.293054997920989990e-01
2.303023815155029297e+00
1.021271720528602600e-01
-1.426959037780761719e+00
-1.840061187744140625e+00
-4.570820331573486328e-01
-1.110899522900581360e-01
-7.947800159454345703e-01
4.349798560142517090e-01
-2.008951008319854736e-01
-8.167490363121032715e-01
2.237776070833206177e-01
