-6.765569001436233521e-02
-1.333717107772827148e+00
-2.540449619293212891e+00
-1.381367594003677368e-01
2.484660446643829346e-01
-1.081422209739685059e+00
2.657742239534854889e-02
6.736043691635131836e-01
-1.084104895591735840e+00
-4.415172636508941650e-01
2.826791524887084961e+00
-4.400178492069244385e-01
-8.860684633255004883e-01
-3.637591600418090820e-01
6.529170274734497070e-01
-1.286856770515441895e+00
5.297608375549316406e-01
5.588031411170959473e-01
2.672949314117431641e+00
1.208308219909667969e+00
-1.682617664337158203e+00
5.993508100509643555e-01
6.262139678001403809e-01
-2.097037792205810547e+00
-5.850291252136230469e-01
1.117347478866577148e+00
2.407130479812622070e+00
1.916028618812561035e+00
3.034759759902954102e-01
1.722031831741333008e-01
-1.412523150444030762e+00
2.212248086929321289e+00
-9.872598052024841309e-01
-2.345564812421798706e-01
5.668447613716125488e-01
-1.810673713684082031e+00
-2.061637163162231445e+00
1.711329460144042969e+00
-1.068308234214782715e+00
1.089974164962768555e+00
-4.439575374126434326e-01
2.341815948486328125e+00
-4.729023873805999756e-01
-7.038710117340087891e-01
8.066372275352478027e-01
-7.979824542999267578e-01
-7.267619967460632324e-01
-9.026483297348022461e-01
-1.804381132125854492e+00
-1.129572033882141113e+00
-2.009144544601440430e+00
-1.266483545303344727e+00
-9.686083793640136719e-01
1.138773679733276367e+00
4.915558099746704102e-01
2.084782570600509644e-01
-2.621883451938629150e-01
-1.566233992576599121e+00
-3.663229942321777344e-02
-6.710489988327026367e-01
-2.746011018753051758e-01
-5.199020504951477051e-01
-7.331121563911437988e-01
1.974246740341186523e+00
-1.973909884691238403e-01
1.493198037147521973e+00
3.298106670379638672e+00
8.112747073173522949e-01
1.302754282951354980e+00
5.078784823417663574e-01
5.620442628860473633e-01
1.044702887535095215e+00
-1.643234252929687500e+00
-5.425361990928649902e-01
8.732176423072814941e-01
5.680467486381530762e-01
-1.790919065475463867e+00
-6.282540410757064819e-02
6.037884950637817383e-01
-2.553465366363525391e-01
1.822759211063385010e-01
-1.363435864448547363e+00
-5.495863556861877441e-01
7.036542892456054688e-01
-8.284731507301330566e-01
-1.686204075813293457e-01
-7.113155126571655273e-01
-5.298576354980468750e-01
7.066689729690551758e-01
-4.733716547489166260e-01
-1.320479035377502441e+00
-1.104373455047607422e+00
1.323787689208984375e+00
-6.985482573509216309e-01
1.420174837112426758e+00
-7.767659425735473633e-01
-6.050353050231933594e-01
-5.637934803962707520e-01
6.716554760932922363e-01
1.148774385452270508e+00
5.377273559570312500e-01
7.540858387947082520e-01
-9.342987537384033203e-01
1.386538334190845490e-02
1.885627508163452148e+00
6.826879978179931641e-01
-2.926229834556579590e-01
-8.840339183807373047e-01
1.213190436363220215e+00
8.492646217346191406e-01
5.510094165802001953e-01
1.622319698333740234e+00
-7.629638910293579102e-01
-1.461953204125165939e-02
-1.730216890573501587e-01
5.652775764465332031e-01
-1.708241343498229980e+00
-3.705505430698394775e-01
1.551837563514709473e+00
-2.672346532344818115e-01
8.347595334053039551e-01
3.397688642144203186e-02
-1.350355505943298340e+00
-2.401486158370971680e+00
1.274017214775085449e+00
-1.197233796119689941e+00
2.138224840164184570e+00
-8.452715873718261719e-01
6.132825613021850586e-01
2.392637491226196289e+00
-7.582179307937622070e-01
8.204628825187683105e-01
-3.109593391418457031e+00
4.896370768547058105e-01
3.020684123039245605e-01
-1.002138257026672363e+00
-9.842028617858886719e-01
-1.100475907325744629e+00
-2.973500251770019531e+00
-1.758024096488952637e-01
1.132130980491638184e+00
-4.111355841159820557e-01
-4.159271717071533203e-01
9.007735848426818848e-01
2.785337924957275391e+00
-2.158627510070800781e-01
-1.234303951263427734e+00
-2.038437604904174805e+00
-4.955778270959854126e-02
-3.610751390457153320e+00
-7.550265192985534668e-01
-1.063120603561401367e+00
2.713002860546112061e-01
-1.236852407455444336e+00
7.899285554885864258e-01
-2.196878910064697266e+00
1.690707564353942871e+00
5.380755066871643066e-01
-1.132085800170898438e+00
1.856925010681152344e+01
-5.744466185569763184e-01
-3.483717441558837891e-01
-2.495492249727249146e-02
9.635945558547973633e-01
-2.514145135879516602e+00
1.019798874855041504e+00
5.093612670898437500e-01
4.882258474826812744e-01
-3.841389656066894531e+00
-1.991932749748229980e+00
-3.565439283847808838e-01
1.607499122619628906e+00
-2.354700088500976562e+00
-1.989956259727478027e+00
-1.398782610893249512e+00
2.653844356536865234e+00
4.012024402618408203e-01
-2.991979718208312988e-01
-1.687887072563171387e+00
8.528965711593627930e-02
-2.233354598283767700e-01
-1.492087364196777344e+00
-6.308757662773132324e-01
3.324689626693725586e+00
-1.810799002647399902e+00
1.548103094100952148e-01
1.159031152725219727e+00
8.086957037448883057e-02
1.241808295249938965e+00
7.062675952911376953e-01
-2.069226264953613281e+00
7.415530681610107422e-01
-1.206765055656433105e+00
1.382825732231140137e+00
9.808042645454406738e-01
1.944352984428405762e+00
1.308216094970703125e+00
-1.257633805274963379e+00
1.982570648193359375e+00
-6.172243356704711914e-01
-1.498972415924072266e+00
-1.030610084533691406e+00
1.302564144134521484e+00
1.480188488960266113e+00
-1.847674965858459473e+00
-1.828120946884155273e+00
-4.972246587276458740e-01
-2.847218215465545654e-01
-1.182399988174438477e+00
4.256859421730041504e-01
-1.405800580978393555e-01
3.300042748451232910e-01
2.923593759536743164e+00
-2.339206695556640625e+00
3.198945522308349609e-01
2.772492170333862305e-01
-1.648592352867126465e-01
-1.294930934906005859e+00
2.500674247741699219e+00
5.103815793991088867e-01
-3.357299804687500000e+00
-1.439100623130798340e+00
3.496726602315902710e-02
3.453748524188995361e-01
1.988669157028198242e+00
-9.122143983840942383e-01
-4.542047679424285889e-01
-2.444363832473754883e+00
3.401091694831848145e-01
5.784935951232910156e-01
-6.277921795845031738e-01
-6.973649263381958008e-01
7.161083221435546875e-01
-1.961426973342895508e+00
3.817511796951293945e-01
1.586882710456848145e+00
-7.475116252899169922e-01
2.299487113952636719e+00
-8.903663158416748047e-01
2.291716814041137695e+00
-2.511144161224365234e+00
-9.419881701469421387e-01
1.318482637405395508e+00
1.319665461778640747e-01
4.790889918804168701e-01
1.191751956939697266e+00
4.374559819698333740e-01
-1.918336987495422363e+00
4.742588102817535400e-01
-5.971519649028778076e-02
-6.912017464637756348e-01
-1.432637214660644531e+00
-1.000427365303039551e+00
9.069262146949768066e-01
8.495575748383998871e-03
2.698745965957641602e+00
7.461510896682739258e-01
2.591329813003540039e+00
-2.228333234786987305e+00
1.262323260307312012e-01
-6.767442822456359863e-01
-7.598990201950073242e-01
-3.187973201274871826e-01
-1.263970434665679932e-01
1.146517038345336914e+00
-1.310083866119384766e+00
7.692943811416625977e-01
-1.707741141319274902e+00
1.735900528728961945e-03
5.950937271118164062e-01
-1.547350287437438965e+00
-2.012647390365600586e-01
3.361347019672393799e-01
-7.393002510070800781e-01
-9.108411669731140137e-01
-1.846674442291259766e+00
2.184416770935058594e+00
-1.764328360557556152e+00
-3.350598096847534180e+00
-3.549287319183349609e-01
-1.554518640041351318e-01
-1.007320642471313477e+00
-8.217417001724243164e-01
-4.458635300397872925e-02
-1.885964632034301758e+00
-2.377197027206420898e+00
-1.111197590827941895e+00
-1.801267713308334351e-01
2.633812665939331055e+00
-6.312411427497863770e-01
9.689199328422546387e-01
-5.137329101562500000e-01
-1.176975011825561523e+00
-1.808966994285583496e+00
4.082410335540771484e+00
4.570344984531402588e-01
-3.023173809051513672e+00
-7.376036047935485840e-01
2.061839818954467773e+00
2.415066480636596680e+00
2.535979151725769043e-01
8.085090517997741699e-01
-3.519974052906036377e-01
-1.630382418632507324e+00
1.483758568763732910e+00
2.295598506927490234e+00
6.526015400886535645e-01
1.015542984008789062e+00
6.538882851600646973e-02
1.147433876991271973e+00
1.568469762802124023e+00
7.426307797431945801e-01
1.389072418212890625e+00
1.325252175331115723e+00
1.833928585052490234e+00
-1.610339879989624023e-01
-1.387703299522399902e+00
1.442454934120178223e+00
-1.098011612892150879e+00
2.199985265731811523e+00
1.927178725600242615e-02
-1.872598767280578613e+00
1.279839992523193359e+00
2.507633864879608154e-01
-1.772526621818542480e+00
-3.559773564338684082e-01
-3.019227087497711182e-01
8.455826640129089355e-01
5.595814585685729980e-01
8.702810406684875488e-01
-1.982722401618957520e+00
1.270531177520751953e+00
1.114744901657104492e+00
1.480853408575057983e-01
2.084038972854614258e+00
-1.425892710685729980e+00
-1.846024990081787109e+00
-7.239769101142883301e-01
-1.498661398887634277e+00
6.765618324279785156e-01
-1.648231863975524902e+00
3.458824157714843750e-01
2.548450708389282227e+00
3.465838432312011719e-01
-2.494836598634719849e-01
3.482459783554077148e-01
5.953087210655212402e-01
-4.583074152469635010e-01
2.517433464527130127e-01
-1.131192222237586975e-01
8.850076794624328613e-01
-2.390930801630020142e-01
-1.402052283287048340e+00
-8.470319509506225586e-01
-1.269130706787109375e+00
9.943832755088806152e-01
3.602890968322753906e-01
-9.332096576690673828e-01
1.770503759384155273e+00
-6.279201507568359375e-01
2.678125798702239990e-01
2.275914907455444336e+00
2.777661800384521484e+00
3.253779709339141846e-01
1.636145472526550293e+00
-1.127837181091308594e+00
-3.951205611228942871e-01
-2.526084184646606445e+00
-5.613359212875366211e-01
-1.877637147903442383e+00
-3.970719277858734131e-01
1.473160386085510254e+00
4.654827117919921875e-01
-3.210811614990234375e+00
1.376885652542114258e+00
-1.834179282188415527e+00
-1.229997426271438599e-01
2.338101625442504883e+00
-9.998304247856140137e-01
2.588933110237121582e-01
3.005110025405883789e+00
1.233972907066345215e+00
-1.066381931304931641e+00
-2.450246810913085938e+00
-1.861981630325317383e+00
2.764506638050079346e-01
-2.258064985275268555e+00
-1.443566203117370605e+00
-2.731310129165649414e-01
1.506773352622985840e+00
6.428546905517578125e-01
-2.786995649337768555e+00
3.413430929183959961e+00
2.653052806854248047e+00
-8.313184380531311035e-01
2.151932001113891602e+00
-1.529186517000198364e-01
7.480605244636535645e-01
-4.557388722896575928e-01
1.322314381599426270e+00
-1.994883269071578979e-01
4.388930797576904297e-01
-4.844132363796234131e-01
2.349450439214706421e-01
7.477723956108093262e-01
-1.230749845504760742e+00
-1.112239122390747070e+00
1.740953326225280762e+00
-8.456405997276306152e-01
3.504967927932739258e+00
-6.554796099662780762e-01
4.319862425327301025e-01
5.598689317703247070e-01
2.906490676105022430e-02
-1.350751519203186035e+00
-6.384660005569458008e-01
1.755849480628967285e+00
-7.323190569877624512e-01
-2.963665872812271118e-02
2.285951524972915649e-01
1.847800970077514648e+00
-6.576624512672424316e-01
2.421724081039428711e+00
-4.137367606163024902e-01
-2.364844560623168945e+00
1.357729077339172363e+00
9.180614352226257324e-01
3.629221439361572266e+00
7.756921648979187012e-01
-1.072217226028442383e+00
-1.049517512321472168e+00
-2.260673046112060547e+00
-7.443805932998657227e-01
-8.552101254463195801e-01
-3.550190925598144531e+00
1.355844140052795410e+00
1.187495231628417969e+00
-2.040908575057983398e+00
1.848369836807250977e+00
-2.699153900146484375e+00
-2.331800907850265503e-01
-2.199060469865798950e-01
5.019536241888999939e-02
-6.093572974205017090e-01
5.697107911109924316e-01
1.008694052696228027e+00
2.873320281505584717e-01
-6.332219392061233521e-02
-1.078832983970642090e+00
-1.847988724708557129e+00
-1.544550776481628418e+00
1.549290418624877930e+00
-4.167145192623138428e-01
5.977292537689208984e+00
-1.835361480712890625e+00
-4.038243591785430908e-01
1.628154754638671875e+00
5.399578213691711426e-01
-1.389699578285217285e+00
1.740199804306030273e+00
-4.837205410003662109e-01
1.893444508314132690e-01
1.559976935386657715e+00
5.102481842041015625e-01
-5.109919309616088867e-01
-4.310021698474884033e-01
-1.762468695640563965e+00
-3.396372795104980469e-01
7.317128181457519531e-01
1.096470832824707031e+00
1.198582410812377930e+00
1.501713156700134277e+00
1.797853350639343262e+00
6.853171825408935547e+00
1.391844749450683594e+00
-1.209529161453247070e+00
-1.250234991312026978e-01
-1.789072155952453613e+00
8.357649445533752441e-01
1.091750979423522949e+00
5.273346900939941406e-01
-1.712602734565734863e+00
-8.210924863815307617e-01
-1.170971274375915527e+00
-2.604757547378540039e+00
5.018843173980712891e+00
-5.952941775321960449e-01
-1.460836887359619141e+00
-5.211372971534729004e-01
-4.724178791046142578e+00
-4.166630804538726807e-01
5.778864771127700806e-02
9.795817136764526367e-01
-2.305608272552490234e+00
1.033345818519592285e+00
6.063093617558479309e-02
1.510488867759704590e+00
4.348484277725219727e-01
-1.480276226997375488e+00
-8.573899269104003906e-01
-2.155503034591674805e+00
4.104383289813995361e-02
7.467966675758361816e-01
-8.492625355720520020e-01
6.575220823287963867e-01
-1.094786047935485840e+00
-1.086388230323791504e+00
2.519070506095886230e-01
2.926215648651123047e+00
-5.911993980407714844e-01
-1.713296532630920410e+00
-2.041020870208740234e+00
-2.611482283100485802e-03
4.347963929176330566e-01
-1.539551019668579102e-01
1.412586420774459839e-01
1.335441350936889648e+00
-4.705250263214111328e-01
-1.087936386466026306e-01
-7.643598318099975586e-02
1.032548904418945312e+00
3.880541324615478516e-01
-1.277287483215332031e+00
-9.640115499496459961e-01
-8.477252125740051270e-01
1.849828809499740601e-01
1.113891959190368652e+00
7.740539908409118652e-01
-4.194732606410980225e-01
5.065399780869483948e-02
-4.855241999030113220e-02
-1.404745221138000488e+00
1.052132606506347656e+00
7.189598679542541504e-01
1.522644877433776855e+00
3.250265717506408691e-01
1.849994301795959473e+00
1.527837514877319336e+00
7.683705687522888184e-01
7.567279934883117676e-01
5.134987831115722656e-01
9.323648214340209961e-01
-8.455414175987243652e-01
1.365207552909851074e+00
1.085058450698852539e+00
7.358034253120422363e-01
-1.185584187507629395e+00
-1.478743791580200195e+00
-1.883579850196838379e+00
7.692404836416244507e-02
-1.264988899230957031e+00
1.222733402252197266e+01
1.329506278038024902e+00
-8.154228925704956055e-01
2.709931731224060059e-01
-2.042037963867187500e+00
-1.553303718566894531e+00
1.233973860740661621e+00
-2.659016847610473633e+00
5.914178118109703064e-02
5.198276638984680176e-01
-2.624696791172027588e-01
3.003061771392822266e+00
2.419237375259399414e+00
-8.768588900566101074e-01
-3.337932825088500977e+00
-2.328326225280761719e+00
-5.392356514930725098e-01
2.158139832317829132e-03
-3.615755820646882057e-03
-3.214534759521484375e+01
-1.710946083068847656e+00
1.355365753173828125e+00
-1.051765441894531250e+00
1.533049702644348145e+00
-1.038505792617797852e+00
1.268354773521423340e+00
1.735088944435119629e+00
-9.103035330772399902e-01
-1.186586022377014160e+00
-4.426959902048110962e-02
2.617948532104492188e+00
-4.922873973846435547e-01
5.229952931404113770e-01
-7.971277236938476562e-01
-2.863660752773284912e-01
1.288820981979370117e+00
1.738153934478759766e+00
-1.285731345415115356e-01
2.040867805480957031e+00
1.368012070655822754e+00
-1.259169340133666992e+00
3.478087782859802246e-01
1.052595257759094238e+00
4.577427506446838379e-01
-1.912740468978881836e-01
1.074942350387573242e+00
1.008394062519073486e-01
1.667547523975372314e-01
3.424529552459716797e+00
1.572539091110229492e+00
-7.565674185752868652e-01
9.964498281478881836e-01
-2.491295576095581055e+00
7.182388901710510254e-01
-1.224724277853965759e-01
-1.554441094398498535e+00
2.241623878479003906e+00
4.980498850345611572e-01
7.137359976768493652e-01
-1.074210166931152344e+00
2.067628204822540283e-01
3.618669882416725159e-02
-1.409956693649291992e+00
9.280992746353149414e-01
1.080610871315002441e+00
1.201022267341613770e+00
5.228196978569030762e-01
-4.083649218082427979e-01
-2.010642290115356445e+00
-3.828084468841552734e-01
1.162810921669006348e+00
-9.269994497299194336e-01
-2.718917846679687500e+00
-1.507447838783264160e+00
-1.172205924987792969e+00
1.173106133937835693e-01
8.771535158157348633e-01
6.198775172233581543e-01
3.430181741714477539e-01
-7.282208204269409180e-01
4.602220058441162109e-01
6.174874305725097656e-01
4.738955974578857422e+00
-1.180216073989868164e+00
1.400678753852844238e+00
1.062572836875915527e+00
9.266151785850524902e-01
-2.717196941375732422e-01
-1.120072364807128906e+00
-1.067553997039794922e+00
-1.273791193962097168e+00
-1.063912987709045410e+00
3.456206798553466797e+00
3.297538757324218750e+00
8.356532454490661621e-01
-2.336214065551757812e+00
-1.805859208106994629e+00
-8.657382130622863770e-01
6.833359599113464355e-01
-1.048902153968811035e+00
2.729065179824829102e+00
1.602574467658996582e+00
4.971322417259216309e-01
-8.755276352167129517e-02
4.985309839248657227e-01
3.132716894149780273e+00
1.445197701454162598e+00
4.284494370222091675e-02
-1.819622397422790527e+00
-5.121404528617858887e-01
-1.085283994674682617e+00
7.445558309555053711e-01
-2.674160957336425781e+00
-1.375431299209594727e+00
-5.625516772270202637e-01
1.009981632232666016e+00
8.004832267761230469e-02
8.695630431175231934e-01
6.275916099548339844e-01
2.563430964946746826e-01
3.288970232009887695e+00
-3.063015639781951904e-01
2.625056505203247070e-01
8.478566408157348633e-01
-2.041089296340942383e+00
-8.849201202392578125e-01
1.567668914794921875e+00
-4.377996027469635010e-01
3.553170263767242432e-01
3.870550870895385742e+00
8.803644776344299316e-01
3.865286111831665039e-01
1.393783926963806152e+00
1.307829618453979492e+00
7.102583646774291992e-01
-1.076755166053771973e+00
-4.466131329536437988e-02
-1.125295758247375488e+00
2.939709663391113281e+00
3.772764503955841064e-01
2.666857242584228516e-01
2.871585369110107422e+00
5.627471804618835449e-01
2.038121223449707031e+00
-2.308834791183471680e+00
-5.372817516326904297e-01
-6.123702526092529297e-01
-2.134945631027221680e+00
-2.947366833686828613e-01
-3.692325353622436523e-01
-9.822008013725280762e-01
9.988476634025573730e-01
9.558875560760498047e-01
1.896911978721618652e+00
-2.746235430240631104e-01
1.488047957420349121e+00
3.355931937694549561e-01
-1.843342334032058716e-01
1.102749705314636230e+00
1.460420250892639160e+00
4.669026732444763184e-01
-1.034212827682495117e+00
-2.066244557499885559e-02
-1.805602192878723145e+00
1.974267810583114624e-01
7.388299703598022461e-01
-2.554985880851745605e-01
8.774183988571166992e-01
-1.875662803649902344e-01
1.441434741020202637e+00
7.444575428962707520e-01
1.353525876998901367e+00
1.380961179733276367e+00
4.869643747806549072e-01
-1.018949866294860840e+00
-1.665645956993103027e+00
2.431667327880859375e+00
-2.220088541507720947e-01
1.860338926315307617e+00
6.781350374221801758e-01
1.760312080383300781e+00
-2.597552299499511719e+00
1.406863451004028320e+00
-1.520256280899047852e+00
4.820698201656341553e-01
1.184491038322448730e+00
1.305837869644165039e+00
-7.776512950658798218e-02
-4.297884404659271240e-01
-3.959473371505737305e-01
-6.441028118133544922e-01
8.878948539495468140e-02
3.188105821609497070e+00
1.486100703477859497e-01
-1.937033683061599731e-01
1.282328963279724121e+00
-9.490519165992736816e-01
-1.818757653236389160e+00
-3.931195735931396484e-01
-4.281776249408721924e-01
1.428394079208374023e+00
-1.246866941452026367e+00
1.341013312339782715e+00
-1.775985956192016602e+00
-1.672740578651428223e+00
-2.209950536489486694e-01
3.121806383132934570e+00
-1.041087694466114044e-02
-2.251390457153320312e+00
-3.058699846267700195e+00
-4.567790925502777100e-01
1.626110792160034180e+00
2.161566615104675293e-01
-5.962688326835632324e-01
-2.958247661590576172e-01
-1.376147150993347168e+00
8.185456693172454834e-02
