7.686027884483337402e-02
-2.487947702407836914e+00
-2.052597522735595703e+00
4.696099162101745605e-01
2.951725423336029053e-01
-1.007009029388427734e+00
2.736067175865173340e-01
-1.092514038085937500e+00
-2.318130493164062500e+00
-7.549407482147216797e-01
1.829434633255004883e+00
-8.554900884628295898e-01
-4.437766075134277344e-01
-9.339216947555541992e-01
-1.905884295701980591e-01
-1.879320859909057617e+00
6.832537055015563965e-01
1.444803774356842041e-01
9.524644613265991211e-01
1.121865868568420410e+00
-2.461023569107055664e+00
4.062072634696960449e-01
-2.501097321510314941e-01
-6.748304367065429688e-01
-5.128934383392333984e-01
2.274967670440673828e+00
2.195172071456909180e+00
2.543535709381103516e+00
-3.476381897926330566e-01
1.355678588151931763e-01
-1.948145270347595215e+00
1.862651228904724121e+00
9.180468320846557617e-01
-7.495465278625488281e-01
2.186340332031250000e+00
-1.238644242286682129e+00
-2.424453496932983398e+00
1.391133666038513184e+00
1.655816078186035156e+00
6.917902827262878418e-01
-5.508758425712585449e-01
1.502022504806518555e+00
-1.316998243331909180e+00
-2.599942684173583984e-02
2.705870568752288818e-01
-4.312317967414855957e-01
-7.881580591201782227e-01
1.736000299453735352e+00
-7.475549578666687012e-01
-4.595524370670318604e-01
-1.776213407516479492e+00
-8.051923513412475586e-01
-1.812548935413360596e-01
-8.689632415771484375e-01
1.978760480880737305e+00
2.823357656598091125e-02
1.483639776706695557e-01
-1.511590361595153809e+00
1.496107339859008789e+00
-1.342848837375640869e-01
6.877110004425048828e-01
9.410781860351562500e-01
2.921413779258728027e-01
2.052257061004638672e+00
4.252892434597015381e-01
8.784209489822387695e-01
2.438441991806030273e+00
1.234021782875061035e+00
4.821179509162902832e-01
2.834672689437866211e+00
1.614634275436401367e+00
6.913757324218750000e-01
-9.272308349609375000e-01
-1.394559621810913086e+00
1.865284919738769531e+00
1.286328077316284180e+00
-5.125784873962402344e-01
-2.434875965118408203e+00
-1.797415733337402344e+00
4.963046908378601074e-01
-3.848909139633178711e-01
-1.433700561523437500e+00
-1.529412627220153809e+00
1.177234530448913574e+00
-1.405650377273559570e+00
8.050260543823242188e-01
-2.229397743940353394e-01
-7.993077039718627930e-01
-5.152121782302856445e-01
-6.491264104843139648e-01
-1.109996065497398376e-01
-7.497403621673583984e-01
3.024078369140625000e+00
-5.636587142944335938e-01
8.474766016006469727e-01
1.864903569221496582e-01
-3.515246212482452393e-01
-8.317470550537109375e-01
8.508592844009399414e-01
1.691393554210662842e-01
7.756122946739196777e-01
-5.985323190689086914e-01
-7.743018865585327148e-01
-1.043415665626525879e+00
2.498685121536254883e+00
4.634173959493637085e-02
-4.937759339809417725e-01
7.564097642898559570e-01
1.374553680419921875e+00
1.329683303833007812e+00
-1.130686759948730469e+00
3.708198070526123047e-01
-1.215001821517944336e+00
-9.477722048759460449e-01
-1.731805205345153809e+00
5.119099617004394531e-01
-2.155518770217895508e+00
1.535816073417663574e+00
1.821326494216918945e+00
-2.427341938018798828e-01
8.550610542297363281e-01
2.095310240983963013e-01
-1.724848389625549316e+00
-1.975530028343200684e+00
-6.187764406204223633e-01
5.116010904312133789e-01
8.952601552009582520e-01
4.225268959999084473e-01
1.295451879501342773e+00
2.235326051712036133e+00
-1.555286407470703125e+00
3.760767579078674316e-01
-1.432182669639587402e+00
-1.435448229312896729e-01
5.644030570983886719e-01
3.189131021499633789e-01
-7.880337834358215332e-01
-1.294416069984436035e+00
-2.075641155242919922e+00
-4.102222919464111328e-01
-9.568541646003723145e-01
1.097015619277954102e+00
-6.336926221847534180e-01
3.089027881622314453e+00
1.120026350021362305e+00
8.139600753784179688e-01
-3.487181663513183594e-01
-1.411315202713012695e+00
-2.456991374492645264e-01
-2.344149589538574219e+00
-1.580864489078521729e-01
-3.952418863773345947e-01
-9.636834859848022461e-01
-5.456920862197875977e-01
8.660743832588195801e-01
-2.630173921585083008e+00
1.548007011413574219e+00
8.214198350906372070e-01
-1.764672279357910156e+00
1.971216583251953125e+01
-1.211492270231246948e-01
-2.090004444122314453e+00
9.126902818679809570e-01
3.069372102618217468e-02
-1.474602371454238892e-01
1.117965936660766602e+00
-1.350438475608825684e+00
-1.315614104270935059e+00
-2.600201129913330078e+00
-1.927095651626586914e+00
-5.599533319473266602e-01
7.843129038810729980e-01
-2.516010761260986328e+00
-1.814511656761169434e+00
-1.426441192626953125e+00
4.127993106842041016e+00
-3.015860617160797119e-01
-4.060746133327484131e-01
-7.009447813034057617e-01
-3.266540467739105225e-01
-3.429825976490974426e-02
-1.178819537162780762e+00
5.488919094204902649e-02
1.894358396530151367e+00
6.988237500190734863e-01
1.433544456958770752e-01
2.292260169982910156e+00
-1.539157152175903320e+00
6.340855360031127930e-01
5.777996182441711426e-01
-2.678799629211425781e-01
1.225122213363647461e+00
7.393534481525421143e-02
1.214001417160034180e+00
-7.858350127935409546e-02
3.250190019607543945e-01
1.553212702274322510e-01
-1.533629775047302246e+00
1.507555365562438965e+00
-4.844838976860046387e-01
-2.767391130328178406e-02
-6.539260745048522949e-01
1.936445534229278564e-01
4.684808254241943359e+00
-6.005325168371200562e-02
-2.093096494674682617e+00
-1.102185845375061035e+00
6.166791915893554688e-01
-9.282656759023666382e-02
-1.206430569291114807e-01
-1.687577664852142334e-01
2.597954869270324707e-01
1.987838029861450195e+00
-1.361160755157470703e+00
1.999774932861328125e+00
-8.006558418273925781e-01
-1.299619793891906738e+00
-1.101956486701965332e+00
9.334819912910461426e-01
3.764057755470275879e-01
-6.837512850761413574e-01
-6.215774416923522949e-01
-1.324178338050842285e+00
3.655372858047485352e-01
8.115184903144836426e-01
4.357448518276214600e-01
1.189790248870849609e+00
-2.125937700271606445e+00
-8.659144639968872070e-01
-8.154139518737792969e-01
4.952354431152343750e-01
7.506638765335083008e-01
-3.617451786994934082e-01
1.083588600158691406e+00
2.725378870964050293e-01
1.346147418022155762e+00
-1.333113312721252441e-01
1.416518330574035645e+00
-2.362602204084396362e-01
3.506283998489379883e+00
-8.325207829475402832e-01
-1.503861427307128906e+00
-1.529438346624374390e-01
2.063620537519454956e-01
6.202176213264465332e-01
9.060437977313995361e-02
2.472594678401947021e-01
-1.902115464210510254e+00
1.125554203987121582e+00
-1.027200341224670410e+00
1.574344992637634277e+00
-2.455139160156250000e-02
-2.592551112174987793e-01
1.454989671707153320e+00
1.114278286695480347e-01
1.535928964614868164e+00
9.930925369262695312e-01
2.879421949386596680e+00
-4.970925748348236084e-01
8.272137641906738281e-01
-9.907884895801544189e-02
-5.242688059806823730e-01
-5.207712650299072266e-01
5.314009785652160645e-01
7.395628690719604492e-01
1.894243508577346802e-01
2.357162535190582275e-01
-1.042302250862121582e+00
-2.033345699310302734e-01
8.821028470993041992e-01
-1.610635161399841309e+00
-8.464493751525878906e-01
-1.266255617141723633e+00
7.945914268493652344e-01
-3.292746245861053467e-01
-5.114694237709045410e-01
8.145938813686370850e-02
-9.826384782791137695e-01
-3.972103118896484375e+00
-1.353332161903381348e+00
-1.915563583374023438e+00
-1.525492668151855469e+00
-9.319437742233276367e-01
7.541373968124389648e-01
-1.341812849044799805e+00
-2.042828083038330078e+00
-6.915960311889648438e-01
-4.454502463340759277e-01
1.478661537170410156e+00
1.240203857421875000e+00
9.410278201103210449e-01
-1.007678747177124023e+00
-1.865828156471252441e+00
-2.687208652496337891e-01
7.422637343406677246e-01
3.785081505775451660e-01
-2.201021909713745117e+00
-1.653535485267639160e+00
1.132664799690246582e+00
2.483891487121582031e+00
-1.110992789268493652e+00
4.960238039493560791e-01
-2.285644292831420898e+00
-1.563377261161804199e+00
-5.738807916641235352e-01
2.408012390136718750e+00
9.585941433906555176e-01
5.726021528244018555e-01
1.671158820390701294e-01
3.916622400283813477e-01
1.975663453340530396e-01
-5.008213520050048828e-01
5.609434843063354492e-01
2.401810407638549805e+00
1.927101492881774902e+00
5.098884701728820801e-01
1.104773283004760742e+00
9.649087190628051758e-01
3.997780382633209229e-01
1.865372896194458008e+00
-1.356711983680725098e+00
-1.360281705856323242e+00
1.634863138198852539e+00
4.781181812286376953e-01
-1.112333536148071289e+00
2.048080861568450928e-01
2.695608735084533691e-01
2.305582523345947266e+00
-8.390140533447265625e-01
1.427728176116943359e+00
-1.843940496444702148e+00
-4.656380116939544678e-01
2.249157428741455078e-01
-1.653122305870056152e+00
1.437793493270874023e+00
-1.129614591598510742e+00
-6.237453222274780273e-01
-1.604963093996047974e-01
-1.948342561721801758e+00
1.090705171227455139e-01
-3.257795810699462891e+00
1.163618326187133789e+00
3.372145891189575195e+00
-1.072773218154907227e+00
-1.177202463150024414e+00
1.625090539455413818e-01
3.890560269355773926e-01
-3.510661125183105469e-01
-8.703217506408691406e-01
1.582751512527465820e+00
1.168625116348266602e+00
1.540090084075927734e+00
-2.215244531631469727e+00
-1.933282464742660522e-01
8.844874501228332520e-01
1.014973402023315430e+00
1.276625633239746094e+00
3.103860318660736084e-01
2.114761829376220703e+00
1.367754101753234863e+00
-4.549126625061035156e-01
2.041550397872924805e+00
1.002961039543151855e+00
-7.027447819709777832e-01
2.122429609298706055e-01
-4.444248601794242859e-02
7.366275787353515625e-01
-1.622316002845764160e+00
1.864794939756393433e-01
-1.047563314437866211e+00
-1.282515287399291992e+00
1.779230475425720215e+00
4.013016819953918457e-01
-5.419932603836059570e-01
2.467205971479415894e-01
-2.191879749298095703e+00
7.929188013076782227e-01
3.224391222000122070e+00
-5.277076363563537598e-01
8.669765591621398926e-01
6.187311410903930664e-01
1.062031865119934082e+00
3.202019333839416504e-01
-6.173349618911743164e-01
-1.202034950256347656e+00
6.461743116378784180e-01
-1.019093275070190430e+00
-1.686158895492553711e+00
-1.339635491371154785e+00
8.391327857971191406e-01
4.065207839012145996e-01
-1.327282935380935669e-01
1.188927769660949707e+00
-5.286764502525329590e-01
-3.775427937507629395e-01
4.656051993370056152e-01
6.561809182167053223e-01
-9.155780673027038574e-01
-2.008665561676025391e+00
3.216669559478759766e-01
3.317347168922424316e-01
-4.810016751289367676e-01
-1.013206839561462402e+00
-3.938973546028137207e-01
-1.365875363349914551e+00
-3.500695824623107910e-01
-1.821745157241821289e+00
1.214344143867492676e+00
-4.506948590278625488e-01
1.608531355857849121e+00
-5.531663894653320312e-01
4.567768573760986328e-01
-8.508533239364624023e-01
1.537482261657714844e+00
-3.502004742622375488e-01
4.077072739601135254e-01
9.942734837532043457e-01
1.551111221313476562e+00
2.535974383354187012e-01
8.283543586730957031e-01
1.797105550765991211e+00
4.454623162746429443e-01
1.541219234466552734e+00
-2.884409427642822266e-01
-1.819727301597595215e+00
-5.649396032094955444e-02
-1.893997192382812500e-01
2.142474412918090820e+00
1.401095986366271973e+00
-1.095803856849670410e+00
-1.407395958900451660e+00
-2.306436300277709961e+00
7.472265958786010742e-01
-3.567424714565277100e-01
-3.629165649414062500e+00
1.422139406204223633e+00
6.835879087448120117e-01
-1.281626939773559570e+00
1.141394615173339844e+00
-9.308651685714721680e-01
-3.419482409954071045e-01
1.370009183883666992e+00
-9.456351399421691895e-01
-1.300835847854614258e+00
5.575157329440116882e-02
7.319654226303100586e-01
1.303018331527709961e-01
-5.530810356140136719e-01
-3.101442456245422363e-01
-1.461343526840209961e+00
-1.219282150268554688e+00
7.802473902702331543e-01
6.333012580871582031e-01
6.615927219390869141e+00
-8.978935331106185913e-02
-8.239082098007202148e-01
1.096488237380981445e+00
-6.116650700569152832e-01
-1.073801636695861816e+00
1.171872615814208984e+00
6.694858670234680176e-01
1.476630866527557373e-01
5.702353641390800476e-02
6.199046373367309570e-01
-5.759822130203247070e-01
8.199943602085113525e-02
-2.338124752044677734e+00
-6.543057560920715332e-01
6.619614362716674805e-01
3.856726288795471191e-01
5.513395667076110840e-01
1.051027536392211914e+00
1.136974573135375977e+00
7.197466373443603516e+00
1.870255708694458008e+00
-2.374432802200317383e+00
-6.575060077011585236e-03
-2.450767993927001953e+00
-1.580498814582824707e-01
-4.995690286159515381e-01
-9.426100850105285645e-01
-1.840233206748962402e+00
-1.905151009559631348e+00
-5.746883749961853027e-01
-1.375598311424255371e+00
3.273237228393554688e+00
-6.701194643974304199e-01
-2.738722860813140869e-01
2.740082442760467529e-01
-3.630452632904052734e+00
1.281484603881835938e+00
-2.646032273769378662e-01
4.800898432731628418e-01
-1.826665878295898438e+00
1.478672921657562256e-01
-7.273017168045043945e-01
1.471776366233825684e+00
-7.084823846817016602e-01
-3.747675716876983643e-01
-2.580001950263977051e-01
-2.119642734527587891e+00
-4.816904067993164062e-01
8.892621994018554688e-01
8.635990321636199951e-02
3.486075997352600098e-01
-2.442709684371948242e+00
-1.007051825523376465e+00
9.447644948959350586e-01
3.951510667800903320e+00
2.388795912265777588e-01
-3.165841698646545410e-01
-1.806530594825744629e+00
-1.302418112754821777e-01
1.829406976699829102e+00
-8.955419659614562988e-01
-2.225672245025634766e+00
9.075827598571777344e-01
1.442675292491912842e-01
-2.536922693252563477e-01
-5.498992279171943665e-02
1.170198917388916016e+00
3.691647946834564209e-01
-2.434988021850585938e-01
-2.916691303253173828e-01
-7.466763257980346680e-01
9.211719632148742676e-01
1.271713495254516602e+00
1.148349046707153320e-01
-8.378949165344238281e-01
1.257631063461303711e+00
1.056800127029418945e+00
-5.373021960258483887e-01
8.705303072929382324e-01
1.813464403152465820e+00
3.296309113502502441e-01
-7.513459920883178711e-01
2.977475643157958984e+00
7.928765416145324707e-01
1.585458040237426758e+00
2.771719098091125488e-01
4.450474381446838379e-01
-5.285664796829223633e-01
-6.733191609382629395e-01
2.183154582977294922e+00
7.694224715232849121e-01
-1.707546472549438477e+00
-7.467401027679443359e-01
-6.132222414016723633e-01
-1.098111867904663086e+00
3.259559273719787598e-01
-7.860298752784729004e-01
1.284292888641357422e+01
2.857895493507385254e-01
-5.319433212280273438e-01
4.680415987968444824e-01
-2.357700586318969727e+00
-1.451022505760192871e+00
5.096615552902221680e-01
-1.074512243270874023e+00
7.854605913162231445e-01
-6.228339076042175293e-01
-5.167220234870910645e-01
2.807620465755462646e-01
1.912471532821655273e+00
-1.384187459945678711e+00
-3.037031650543212891e+00
4.363655298948287964e-02
-9.196020960807800293e-01
-1.813111901283264160e+00
-3.886139392852783203e-01
-3.264353942871093750e+01
-2.035322427749633789e+00
8.176887631416320801e-01
-1.894286751747131348e+00
2.797103404998779297e+00
2.545819878578186035e-01
1.092950582504272461e+00
4.074830114841461182e-01
5.971959829330444336e-01
-4.907314181327819824e-01
-3.247856497764587402e-01
1.706623077392578125e+00
1.142677545547485352e+00
-2.450069934129714966e-01
-3.306235671043395996e-01
-8.141773939132690430e-01
4.466861486434936523e-03
-8.785659074783325195e-01
1.033699393272399902e+00
1.996140122413635254e+00
8.501170873641967773e-01
-1.323611736297607422e+00
1.536475419998168945e+00
-2.702774405479431152e-01
-1.044530272483825684e+00
2.392069101333618164e-01
1.183927536010742188e+00
6.395457983016967773e-01
3.174113333225250244e-01
2.546608924865722656e+00
2.914671301841735840e-01
-1.870413541793823242e+00
2.891642451286315918e-01
-8.979151844978332520e-01
-3.924698233604431152e-01
-1.635200262069702148e+00
-6.793977022171020508e-01
2.011888027191162109e+00
-4.035789072513580322e-01
3.140270709991455078e+00
9.293369054794311523e-01
-1.493402123451232910e+00
-1.238463163375854492e+00
3.101061284542083740e-01
3.741287589073181152e-01
2.381877601146697998e-01
4.078758656978607178e-01
-6.907731294631958008e-01
3.062357306480407715e-01
1.504281610250473022e-01
-4.464664459228515625e-01
2.050967216491699219e+00
-1.333454132080078125e+00
-3.849081754684448242e+00
-1.182524442672729492e+00
9.881247282028198242e-01
1.064276099205017090e+00
6.251086592674255371e-01
-1.234905481338500977e+00
4.146280288696289062e-01
-1.015562772750854492e+00
1.747500449419021606e-01
-7.919645309448242188e-01
3.731845855712890625e+00
-4.392295479774475098e-01
-7.302528023719787598e-01
6.764853596687316895e-01
1.748862981796264648e+00
-1.999211311340332031e-01
8.620027303695678711e-01
-2.113054752349853516e+00
-6.234781146049499512e-01
-9.227041006088256836e-01
4.590086460113525391e+00
3.385070085525512695e+00
3.130193352699279785e-01
-1.342235326766967773e+00
-9.896348714828491211e-01
6.302711963653564453e-01
7.266654372215270996e-01
-7.759345173835754395e-01
2.382459878921508789e+00
9.433441162109375000e-01
1.253968477249145508e+00
8.343973755836486816e-02
-7.188705205917358398e-01
1.188346624374389648e+00
2.003270626068115234e+00
6.472204625606536865e-02
-1.849127173423767090e+00
-1.713724434375762939e-01
-3.940261900424957275e-01
2.392900943756103516e+00
-1.450668215751647949e+00
-1.270994901657104492e+00
1.609910726547241211e+00
1.747002303600311279e-01
1.943836212158203125e+00
3.324205800890922546e-02
6.446971893310546875e-01
1.491271376609802246e+00
3.102716922760009766e+00
-1.410194635391235352e+00
-3.654165267944335938e-01
8.831763267517089844e-01
-1.490396976470947266e+00
-3.615218102931976318e-01
1.334212064743041992e+00
5.758085846900939941e-01
3.349223732948303223e-01
2.736048460006713867e+00
1.339330792427062988e+00
-1.450238823890686035e+00
6.532094478607177734e-01
2.308659791946411133e+00
-4.168397784233093262e-01
-5.866256952285766602e-01
-1.292821645736694336e+00
2.228405475616455078e-01
1.662116646766662598e+00
7.890608906745910645e-01
-1.800047636032104492e+00
1.769390463829040527e+00
-6.976280361413955688e-02
1.776635885238647461e+00
-1.396915078163146973e+00
-8.195363879203796387e-01
-1.102015137672424316e+00
-9.897407293319702148e-01
6.828749179840087891e-02
4.204355180263519287e-01
-2.003407478332519531e+00
1.656261205673217773e+00
7.926659286022186279e-02
1.560803651809692383e+00
9.143932908773422241e-02
1.580208659172058105e+00
-9.600738286972045898e-01
2.858183085918426514e-01
-2.334201335906982422e-01
5.323454141616821289e-01
1.452300250530242920e-01
-7.255676388740539551e-01
-4.996526241302490234e-01
-7.367569804191589355e-01
1.196887969970703125e+00
8.321455121040344238e-01
-1.497696042060852051e+00
5.554760694503784180e-01
8.939044177532196045e-02
1.176321625709533691e+00
1.543492555618286133e+00
1.377366781234741211e+00
-1.320779681205749512e+00
1.311496049165725708e-01
-2.426560163497924805e+00
8.530624508857727051e-01
-2.637764811515808105e-01
-6.444802284240722656e-01
1.082858294248580933e-01
7.060493826866149902e-01
-2.460776120424270630e-01
-2.150624752044677734e+00
2.070573329925537109e+00
-9.801260232925415039e-01
1.686390787363052368e-01
1.564752340316772461e+00
5.055851340293884277e-01
1.386241793632507324e+00
1.573920965194702148e+00
-1.660307645797729492e+00
1.367573719471693039e-02
-5.906447172164916992e-01
3.510248661041259766e+00
1.017086744308471680e+00
4.693998023867607117e-02
2.556657075881958008e+00
-1.881023168563842773e+00
-9.823808670043945312e-01
-1.880282759666442871e+00
-3.551298677921295166e-01
-3.625183701515197754e-01
-1.361415505409240723e+00
2.877497076988220215e-01
-9.756489992141723633e-01
-1.147926926612854004e+00
-8.612249493598937988e-01
1.814809083938598633e+00
2.564825117588043213e-01
-1.075325727462768555e+00
-1.876290321350097656e+00
-3.815708756446838379e-01
-4.253202080726623535e-01
-9.447641372680664062e-01
1.849832981824874878e-01
1.106246590614318848e+00
-1.700034379959106445e+00
-7.816451191902160645e-01
