6.235100328922271729e-02
-4.912095367908477783e-01
-1.144613385200500488e+00
-4.554438591003417969e-01
-3.418140709400177002e-01
-1.626985549926757812e+00
-1.415404528379440308e-01
-6.297384947538375854e-02
-9.772449135780334473e-01
-2.004412710666656494e-01
1.899738907814025879e-01
-1.226974368095397949e+00
-1.578494310379028320e-01
-1.085365056991577148e+00
4.077733755111694336e-01
-5.177170634269714355e-01
8.328891396522521973e-01
3.434463869780302048e-04
6.498797535896301270e-01
1.578513860702514648e+00
-4.755744338035583496e-01
4.753425419330596924e-01
-7.071210145950317383e-01
3.132406473159790039e-01
-4.580472707748413086e-01
3.366797566413879395e-01
1.276311516761779785e+00
2.807671070098876953e+00
9.207143783569335938e-01
-2.354607731103897095e-01
-1.186105966567993164e+00
1.452014803886413574e+00
1.748892664909362793e-02
1.362244337797164917e-01
1.726999759674072266e+00
-4.167497456073760986e-01
-8.609729409217834473e-01
1.338843464851379395e+00
-4.614602923393249512e-01
2.126778960227966309e-01
-5.593391656875610352e-01
1.910503864288330078e+00
-5.977706909179687500e-01
-6.301193833351135254e-01
3.491774201393127441e-01
-6.460207700729370117e-01
-2.783252298831939697e-01
1.612401723861694336e+00
-5.841968059539794922e-01
5.310332775115966797e-01
-1.358349204063415527e+00
5.702669173479080200e-02
-1.093897938728332520e+00
4.887184202671051025e-01
1.846399426460266113e+00
-7.760186791419982910e-01
3.270193934440612793e-01
6.467115134000778198e-02
1.210992336273193359e+00
9.366621971130371094e-01
5.143157839775085449e-01
-8.649592846632003784e-02
-1.264563918113708496e+00
8.366842269897460938e-01
-1.586071252822875977e-01
-4.151721000671386719e-01
1.226663231849670410e+00
-7.265379428863525391e-01
6.152043938636779785e-01
-4.969741404056549072e-01
5.032874345779418945e-01
2.168906852602958679e-02
-1.834974884986877441e+00
-4.926833510398864746e-01
5.023461580276489258e-01
5.096134543418884277e-01
-1.960699856281280518e-01
-1.811126708984375000e+00
6.327419728040695190e-02
-2.548810280859470367e-02
1.387192010879516602e+00
-9.619212150573730469e-01
-2.199402749538421631e-01
-1.698838025331497192e-01
-1.274250984191894531e+00
8.595134615898132324e-01
7.012887001037597656e-01
-4.977324306964874268e-01
3.542721271514892578e-01
-9.826672673225402832e-01
-3.805980086326599121e-02
-5.748742222785949707e-01
1.899329900741577148e+00
-1.013415455818176270e+00
6.188456416130065918e-01
-1.422439217567443848e-01
7.201128005981445312e-01
6.313043832778930664e-01
9.194638133049011230e-01
2.699215710163116455e-01
4.519670307636260986e-01
1.774588823318481445e-01
2.453178763389587402e-01
-1.817900538444519043e+00
1.438235998153686523e+00
4.452428817749023438e-01
6.722889542579650879e-01
-1.276233315467834473e+00
7.735128980129957199e-03
6.264820098876953125e-01
-1.050058975815773010e-01
4.875564575195312500e-01
-1.512311339378356934e+00
-1.944771707057952881e-01
-3.067146241664886475e-01
1.231638565659523010e-01
-1.148198366165161133e+00
8.699793219566345215e-01
4.190894365310668945e-01
6.049340963363647461e-01
-1.585095673799514771e-01
8.901154398918151855e-01
-6.610840559005737305e-01
-7.564105838537216187e-02
-2.315115034580230713e-01
9.506336450576782227e-01
3.122405409812927246e-01
-2.580577135086059570e-01
1.597246885299682617e+00
3.177896499633789062e+00
-7.484322190284729004e-01
5.957005620002746582e-01
-1.522450447082519531e+00
2.908261120319366455e-01
-1.719846129417419434e-01
-1.030236124992370605e+00
-6.609821319580078125e-01
-3.099617958068847656e-01
-1.469777941703796387e+00
-3.510449826717376709e-01
-7.615687847137451172e-01
6.985158324241638184e-01
7.218307256698608398e-01
2.170678853988647461e+00
9.136123657226562500e-01
6.338455677032470703e-01
-1.054087877273559570e-01
-9.180288314819335938e-01
8.234200477600097656e-01
-1.939587235450744629e+00
-5.747839435935020447e-02
-9.366250634193420410e-01
-8.647449612617492676e-01
-1.323903918266296387e+00
1.004678010940551758e+00
-1.216593503952026367e+00
1.465527266263961792e-01
9.015590548515319824e-01
-7.293968200683593750e-01
2.368089103698730469e+01
-1.910498380661010742e+00
-6.479544639587402344e-01
-1.254728734493255615e-01
1.555283665657043457e-01
6.105937957763671875e-01
8.253609389066696167e-02
-3.837085068225860596e-01
1.092104792594909668e+00
-2.276319980621337891e+00
-1.823390603065490723e+00
1.015985850244760513e-02
1.729019135236740112e-01
-1.648116469383239746e+00
-1.448497653007507324e+00
-1.215008854866027832e+00
1.621863842010498047e+00
4.773557186126708984e-01
7.756597995758056641e-01
-1.085411190986633301e+00
-9.683226346969604492e-01
-9.254056215286254883e-01
-1.752151846885681152e+00
3.093061447143554688e-01
1.091303229331970215e+00
-1.898077428340911865e-01
8.633606433868408203e-01
1.432387828826904297e+00
-1.137806773185729980e+00
6.108272075653076172e-01
9.702655076980590820e-01
-4.492066502571105957e-01
4.560295939445495605e-01
1.290248870849609375e+00
2.946642935276031494e-01
7.344746589660644531e-01
3.887454271316528320e-01
6.283982992172241211e-01
-2.947134673595428467e-01
1.455394268035888672e+00
1.284548491239547729e-01
-3.751823008060455322e-01
-1.414523124694824219e+00
-5.825700238347053528e-02
1.133642554283142090e+00
-2.884866893291473389e-01
-8.455083370208740234e-01
-1.402776360511779785e+00
5.296030044555664062e-01
-4.554853439331054688e-01
2.249310612678527832e-01
-9.372173547744750977e-01
5.780506134033203125e-01
8.933207988739013672e-01
-1.394425153732299805e+00
-4.190337657928466797e-01
2.955389320850372314e-01
-1.251360893249511719e+00
-1.661970973014831543e+00
1.340382337570190430e+00
-4.743354767560958862e-02
-1.346766114234924316e+00
-1.728803068399429321e-01
-1.321639776229858398e+00
6.565657258033752441e-02
1.936077952384948730e+00
-1.425580680370330811e-01
1.046298220753669739e-01
-1.491630911827087402e+00
1.008416533470153809e+00
2.270841896533966064e-01
-3.872126936912536621e-01
8.373324275016784668e-01
2.584748156368732452e-02
-4.223012030124664307e-01
-7.202848792076110840e-01
-2.188136279582977295e-01
-1.509222239255905151e-01
5.992712974548339844e-01
-1.016230821609497070e+00
2.300650835037231445e+00
-1.480750799179077148e+00
-9.537970423698425293e-01
-6.610730290412902832e-01
1.947563141584396362e-02
5.911915898323059082e-01
1.563258469104766846e-01
-1.257585734128952026e-01
-9.542872309684753418e-01
4.418519139289855957e-01
-8.597462773323059082e-01
-3.334992825984954834e-01
-7.401882410049438477e-01
-1.002644523978233337e-01
1.100253582000732422e+00
3.257093131542205811e-01
7.823935151100158691e-01
2.000602185726165771e-01
1.714594841003417969e+00
-5.537267327308654785e-01
-1.759003847837448120e-01
-7.132977843284606934e-01
-1.151065826416015625e+00
-2.903349399566650391e-01
4.714024066925048828e-02
1.422144889831542969e+00
-2.878813445568084717e-01
-1.872643679380416870e-01
-8.877428770065307617e-01
-5.336294770240783691e-01
4.244657456874847412e-01
-1.348114252090454102e+00
3.279125392436981201e-01
-1.910407394170761108e-01
5.197100639343261719e-01
-1.268112063407897949e+00
-4.104808270931243896e-01
1.217924833297729492e+00
-3.047002255916595459e-01
-2.082270383834838867e+00
-9.450013041496276855e-01
-4.174884855747222900e-01
-6.318183541297912598e-01
-9.928170442581176758e-01
-2.371096014976501465e-01
-1.355017304420471191e+00
-9.853221774101257324e-01
-1.605590462684631348e+00
-1.313675940036773682e-02
9.621275663375854492e-01
2.077771127223968506e-01
1.456595808267593384e-01
1.874427348375320435e-01
-1.637209057807922363e-01
-2.029497325420379639e-01
6.811019778251647949e-01
4.804654419422149658e-01
-1.937999963760375977e+00
-5.055326223373413086e-01
1.931502938270568848e+00
1.658116459846496582e+00
-3.697143793106079102e-01
1.358827710151672363e+00
-1.415238499641418457e+00
-6.887888312339782715e-01
-1.059987954795360565e-02
5.947843194007873535e-01
7.162114977836608887e-01
-1.719143539667129517e-01
3.503858447074890137e-01
4.245392680168151855e-01
-4.304781854152679443e-01
3.835517466068267822e-01
8.315039873123168945e-01
-3.450658023357391357e-01
3.158189773559570312e+00
-1.451320171356201172e+00
-4.010778963565826416e-01
3.177658915519714355e-01
-3.035223782062530518e-01
8.766794800758361816e-01
-1.127254605293273926e+00
-8.537955284118652344e-01
6.237666010856628418e-01
-2.842777967453002930e-01
-4.180920124053955078e-01
7.925267517566680908e-02
9.393870085477828979e-02
1.405658364295959473e+00
5.750373005867004395e-01
8.470090031623840332e-01
-6.748939156532287598e-01
7.126901149749755859e-01
-1.105288639664649963e-01
6.119309663772583008e-01
8.314206004142761230e-01
-8.572142720222473145e-01
-3.291000425815582275e-01
-1.387451529502868652e+00
-1.237548112869262695e+00
-1.702160090208053589e-01
-2.003566026687622070e+00
1.371881842613220215e+00
1.849102616310119629e+00
-8.162887096405029297e-01
-3.184369504451751709e-01
7.237719744443893433e-02
-2.553158104419708252e-01
-4.714348316192626953e-01
-5.709299445152282715e-01
1.022896885871887207e+00
7.535201907157897949e-01
4.862065613269805908e-01
-6.517707109451293945e-01
-4.154063165187835693e-01
7.516440153121948242e-01
4.283008873462677002e-01
1.136871099472045898e+00
1.166531562805175781e+00
1.452349781990051270e+00
4.700902402400970459e-01
-2.829788327217102051e-01
8.011322021484375000e-01
9.119022488594055176e-01
6.833221316337585449e-01
3.619149029254913330e-01
-3.170157074928283691e-01
6.883401870727539062e-01
-1.145057797431945801e+00
-5.914515629410743713e-02
-1.116388559341430664e+00
-6.476996541023254395e-01
3.873376846313476562e-01
1.809757053852081299e-01
7.495725154876708984e-01
1.762888282537460327e-01
-1.269240736961364746e+00
2.118546813726425171e-01
1.710157990455627441e+00
-6.809808015823364258e-01
9.117220342159271240e-02
5.379285290837287903e-02
9.571508765220642090e-01
-1.279326435178518295e-02
-1.090940356254577637e+00
-1.436894416809082031e+00
1.180641412734985352e+00
3.342995792627334595e-02
-1.872066020965576172e+00
-1.335858225822448730e+00
1.727117300033569336e+00
1.208935976028442383e+00
1.320606470108032227e-01
1.555779814720153809e+00
3.987217694520950317e-02
-1.268306136131286621e+00
1.306880265474319458e-01
-2.325577437877655029e-01
4.119288027286529541e-01
2.348224073648452759e-01
1.624708995223045349e-02
-6.544211506843566895e-01
-4.951620697975158691e-01
-5.395134091377258301e-01
2.352306395769119263e-01
-2.563304901123046875e-01
-3.449006080627441406e-01
-7.439374327659606934e-01
7.362400889396667480e-01
-6.918562054634094238e-01
1.839835286140441895e+00
-8.550192713737487793e-01
2.148676067590713501e-01
6.680992245674133301e-01
6.763314008712768555e-01
6.018871068954467773e-01
8.963564634323120117e-01
1.159527182579040527e+00
3.662729263305664062e-01
5.562658905982971191e-01
1.173830628395080566e-01
1.249883294105529785e+00
5.169796347618103027e-01
7.294542193412780762e-01
7.662364840507507324e-02
-1.525075078010559082e+00
2.417038939893245697e-02
3.218221664428710938e-01
1.930602073669433594e+00
1.635136008262634277e-01
-5.071354508399963379e-01
-4.747970104217529297e-01
-1.290223240852355957e+00
5.811266899108886719e-01
-1.175408512353897095e-01
-8.486437201499938965e-01
5.482351779937744141e-01
5.238186717033386230e-01
-1.871720254421234131e-01
1.065689563751220703e+00
-5.304000973701477051e-01
-1.062585473060607910e+00
9.107455015182495117e-01
-6.804580092430114746e-01
-1.062877535820007324e+00
-4.621487855911254883e-01
1.452126502990722656e-01
4.940272569656372070e-01
-1.164356708526611328e+00
-1.916109770536422729e-01
-4.018650352954864502e-01
-1.439725995063781738e+00
1.636603832244873047e+00
-5.590792298316955566e-01
3.342926740646362305e+00
-5.671210885047912598e-01
8.429250717163085938e-01
-2.056507021188735962e-01
-5.239225625991821289e-01
-1.096676707267761230e+00
6.989666223526000977e-01
3.440061211585998535e-02
8.650122880935668945e-01
-2.743941843509674072e-01
-9.090943336486816406e-01
-2.725533246994018555e-01
4.079585671424865723e-01
-6.126374602317810059e-01
-2.911120839416980743e-02
-2.112821936607360840e-01
2.233989834785461426e-01
-2.983978688716888428e-01
4.350358843803405762e-01
1.037124991416931152e+00
5.735724449157714844e+00
1.267154693603515625e+00
7.899383902549743652e-01
6.050080060958862305e-01
-1.103639960289001465e+00
-2.948351800441741943e-01
-5.305187776684761047e-02
6.247440576553344727e-01
-1.226314663887023926e+00
-1.478011012077331543e+00
-8.425394892692565918e-01
-1.122951507568359375e+00
2.680704832077026367e+00
-5.980947017669677734e-01
3.064828217029571533e-01
-4.471244215965270996e-01
-2.777677297592163086e+00
7.783560454845428467e-02
3.281093761324882507e-02
5.291245579719543457e-01
-2.749146223068237305e-01
5.737893581390380859e-01
5.970554351806640625e-01
7.026101946830749512e-01
-3.771678805351257324e-01
-1.192682027816772461e+00
2.001692503690719604e-01
-2.913222789764404297e+00
-3.524532914161682129e-01
-9.081446379423141479e-02
-1.709781438112258911e-01
5.860881209373474121e-01
-1.526965618133544922e+00
5.709163546562194824e-01
1.840133965015411377e-01
3.426336646080017090e-01
-7.478215694427490234e-01
-9.567453861236572266e-01
-2.445632517337799072e-01
-1.181119441986083984e+00
-2.548937499523162842e-01
-3.142575025558471680e-01
-5.378677845001220703e-01
2.198639363050460815e-01
-8.117510080337524414e-01
2.435931414365768433e-01
-1.441487550735473633e+00
5.650521516799926758e-01
1.005372777581214905e-01
1.610426902770996094e+00
2.537533938884735107e-01
3.992403745651245117e-01
2.901647686958312988e-01
1.488670110702514648e+00
-3.340593874454498291e-01
-1.605497717857360840e+00
4.933408498764038086e-01
4.720134437084197998e-01
-6.601747125387191772e-02
8.608778119087219238e-01
5.530281066894531250e-01
-9.275498390197753906e-01
-3.929704129695892334e-01
1.973097443580627441e+00
1.347873091697692871e+00
-5.833633542060852051e-01
4.976701736450195312e-01
-1.822676807641983032e-01
-4.153547883033752441e-01
-9.485780596733093262e-01
5.838256478309631348e-01
4.046685993671417236e-01
-7.113659381866455078e-01
-8.113273382186889648e-01
5.632498860359191895e-02
-1.383884787559509277e+00
6.716120839118957520e-01
-4.278859794139862061e-01
1.009572982788085938e+01
4.431068599224090576e-01
-1.145095825195312500e+00
1.182208895683288574e+00
-2.130470275878906250e+00
-1.044328331947326660e+00
1.509269922971725464e-01
-8.646292686462402344e-01
6.810973882675170898e-01
-9.463894963264465332e-01
1.047451972961425781e+00
1.229774236679077148e+00
9.825523495674133301e-01
5.801037549972534180e-01
-3.089172124862670898e+00
-8.038440346717834473e-01
-3.705458343029022217e-01
1.119500160217285156e+00
-3.448141217231750488e-01
-2.706125831604003906e+01
-9.055628776550292969e-01
-4.655828177928924561e-01
-9.996402859687805176e-01
5.350018143653869629e-01
-2.894595032557845116e-03
-5.221213698387145996e-01
1.202909588813781738e+00
-6.935114264488220215e-01
-3.510773181915283203e-01
-8.832710981369018555e-01
1.379962086677551270e+00
7.501698732376098633e-01
3.248169422149658203e-01
1.299115121364593506e-01
-8.039330244064331055e-01
1.982610523700714111e-01
6.752414703369140625e-01
2.636582553386688232e-01
1.539156436920166016e+00
7.434421181678771973e-01
-1.772593140602111816e+00
-3.089563846588134766e-01
-4.668543338775634766e-01
-1.455985158681869507e-01
9.373684227466583252e-02
1.098006844520568848e+00
1.956668794155120850e-01
1.732084304094314575e-01
2.263800621032714844e+00
7.756848931312561035e-01
-2.885007858276367188e-01
4.177756607532501221e-01
-6.194838285446166992e-01
2.597302496433258057e-01
4.083395600318908691e-01
-1.084055066108703613e+00
1.925465464591979980e-01
9.232176542282104492e-01
1.344639301300048828e+00
-9.536349028348922729e-02
-1.324462771415710449e+00
-9.415301084518432617e-01
7.622619867324829102e-01
4.152602553367614746e-01
2.573119401931762695e-01
9.726776480674743652e-01
8.417328000068664551e-01
-8.062847852706909180e-01
-3.101937472820281982e-01
1.249625608325004578e-01
6.200122833251953125e-01
1.829760372638702393e-01
-1.531118273735046387e+00
6.247802376747131348e-01
6.794371604919433594e-01
2.627579569816589355e-01
-3.337800130248069763e-02
-1.329509377479553223e+00
3.473145365715026855e-01
4.166617617011070251e-02
-5.228124260902404785e-01
-5.222871899604797363e-01
2.714454889297485352e+00
-3.134072422981262207e-01
1.368721246719360352e+00
1.080518603324890137e+00
1.474420279264450073e-01
5.306383967399597168e-01
1.614592373371124268e-01
-1.715072870254516602e+00
3.929487764835357666e-01
3.371824324131011963e-01
3.240990877151489258e+00
1.994883179664611816e+00
1.484581112861633301e+00
-5.479445457458496094e-01
-1.128177404403686523e+00
2.391029000282287598e-01
2.539184093475341797e-01
-1.196688413619995117e+00
1.495620727539062500e+00
-3.236565589904785156e-01
2.627310156822204590e-01
1.043976545333862305e+00
-6.129961609840393066e-01
1.994741559028625488e+00
1.511370301246643066e+00
2.360729426145553589e-01
-1.718260169029235840e+00
-8.408998250961303711e-01
1.257847398519515991e-01
1.532856822013854980e+00
-8.426992297172546387e-01
-1.832023113965988159e-01
8.774917721748352051e-01
5.886043310165405273e-01
1.481937170028686523e+00
5.554835200309753418e-01
2.567192912101745605e-01
3.619515299797058105e-01
1.541220068931579590e+00
-8.272621035575866699e-01
2.943598031997680664e-01
7.655465602874755859e-01
-1.308646082878112793e+00
-1.329294890165328979e-01
9.974227547645568848e-01
3.173231184482574463e-01
-1.122763276100158691e+00
2.526400052011013031e-02
-9.482940286397933960e-02
-1.022254347801208496e+00
2.560986578464508057e-01
8.766009211540222168e-01
-6.312015056610107422e-01
1.972991973161697388e-01
-8.253720402717590332e-01
-3.021966814994812012e-01
1.234908938407897949e+00
-2.432002127170562744e-01
-9.241489171981811523e-01
1.339918375015258789e+00
-5.141992568969726562e-01
9.646417945623397827e-02
-1.005568742752075195e+00
-5.503006577491760254e-01
2.528483569622039795e-01
-1.167747735977172852e+00
-9.707530736923217773e-01
7.867512702941894531e-01
-1.686237096786499023e+00
1.066743612289428711e+00
1.812487244606018066e-01
7.418668270111083984e-01
1.724090874195098877e-01
9.787964820861816406e-01
-6.127484440803527832e-01
-3.468987345695495605e-01
9.798851609230041504e-01
8.159900903701782227e-01
2.536396384239196777e-01
-1.807732880115509033e-01
-9.566579461097717285e-01
-5.902624726295471191e-01
1.479283928871154785e+00
1.418878197669982910e+00
-1.044483184814453125e+00
-1.157731786370277405e-01
-1.577865183353424072e-01
9.631672501564025879e-01
6.404326558113098145e-01
1.266864180564880371e+00
8.998152017593383789e-01
4.147109389305114746e-02
-5.107931494712829590e-01
7.429689764976501465e-01
-2.915130369365215302e-02
-1.697782158851623535e+00
8.209802210330963135e-02
-7.028477638959884644e-02
4.851081371307373047e-01
-7.422302961349487305e-01
8.843798190355300903e-02
-3.083360493183135986e-01
-5.428636074066162109e-01
-2.485625594854354858e-01
8.908156156539916992e-01
-1.607239991426467896e-01
5.901684165000915527e-01
-1.551882624626159668e-01
-3.558333814144134521e-01
-1.547984778881072998e-01
2.547416687011718750e+00
1.275060653686523438e+00
5.190124511718750000e-01
1.143391728401184082e+00
-1.152628846466541290e-02
1.655626595020294189e-01
3.915409147739410400e-01
6.566979289054870605e-01
-1.264512091875076294e-01
-2.860473692417144775e-01
1.517136335372924805e+00
-6.118778586387634277e-01
-2.586120665073394775e-01
-2.665171325206756592e-01
2.099442005157470703e+00
1.838263124227523804e-01
-1.375449419021606445e+00
-1.731468915939331055e+00
-4.113889038562774658e-01
-3.266093134880065918e-01
-8.737537860870361328e-01
5.624033808708190918e-01
-7.219764590263366699e-02
-8.106127381324768066e-01
1.716537028551101685e-01
