-5.375267863273620605e-01
-7.387186884880065918e-01
-4.006552100181579590e-01
-1.656147539615631104e-01
-1.594906789250671864e-03
-2.488318383693695068e-01
-1.346309036016464233e-01
5.483950972557067871e-01
4.386370182037353516e-01
-1.529583334922790527e-01
-2.633579373359680176e-01
4.884099215269088745e-02
-5.166178345680236816e-01
-1.061782836914062500e-01
1.913853287696838379e-01
-1.396041363477706909e-01
1.992356032133102417e-02
1.578452251851558685e-02
-1.829183995723724365e-01
-2.786475121974945068e-01
3.974909782409667969e-01
-4.068263471126556396e-01
-5.017117261886596680e-01
3.012482225894927979e-01
3.404543697834014893e-01
-1.036287024617195129e-01
-4.972456395626068115e-01
-1.298030763864517212e-01
4.207420945167541504e-01
4.283506572246551514e-01
3.298088908195495605e-01
2.769509255886077881e-01
2.199325263500213623e-01
-4.779757857322692871e-01
-7.518507074564695358e-03
1.285282820463180542e-01
3.494650721549987793e-01
-6.933149695396423340e-02
4.209783077239990234e-01
1.331391334533691406e-01
2.297613769769668579e-01
-2.363918870687484741e-01
8.929690122604370117e-01
3.407150208950042725e-01
5.162572860717773438e-02
-4.585548341274261475e-01
-6.494079530239105225e-02
-2.826838195323944092e-01
1.118844673037528992e-01
7.593228816986083984e-01
-3.076763749122619629e-01
1.869805604219436646e-01
2.189749926328659058e-01
-3.366936929523944855e-03
-5.369582772254943848e-01
-4.038597047328948975e-01
-2.364546507596969604e-01
5.885083600878715515e-02
-5.506462603807449341e-02
1.285537183284759521e-01
-1.830661743879318237e-01
3.329751491546630859e-01
-5.699160695075988770e-01
2.341528832912445068e-01
-1.334672719240188599e-01
4.886253774166107178e-01
-1.274119764566421509e-01
-1.718952902592718601e-03
1.324349790811538696e-01
-3.539379239082336426e-01
6.807090044021606445e-01
-2.939642369747161865e-01
-4.350684881210327148e-01
2.508760392665863037e-01
6.014989018440246582e-01
1.664695441722869873e-01
-3.594210147857666016e-01
4.933983087539672852e-02
9.892584681510925293e-01
3.853874802589416504e-01
-3.840627968311309814e-01
-3.278510570526123047e-01
1.809898465871810913e-01
3.170822262763977051e-01
4.209616780281066895e-01
-2.553401887416839600e-01
2.607789039611816406e-01
-4.270841777324676514e-01
4.828826487064361572e-01
-6.729901432991027832e-01
-3.521482646465301514e-01
-2.756243348121643066e-01
9.556670486927032471e-02
1.691012382507324219e-01
-5.225458741188049316e-02
-1.036718487739562988e-01
3.999052196741104126e-02
-2.826803922653198242e-01
7.751494646072387695e-02
7.094810605049133301e-01
-4.696558415889739990e-02
4.908486902713775635e-01
2.201131880283355713e-01
-3.205130994319915771e-01
5.061672255396842957e-02
-3.271560370922088623e-01
2.789087891578674316e-01
6.535788178443908691e-01
5.191931724548339844e-01
1.260825991630554199e-01
1.342825889587402344e-01
3.628413379192352295e-01
-5.280744433403015137e-01
-1.878010928630828857e-01
-7.226501405239105225e-02
1.417057216167449951e-01
9.332235157489776611e-02
-4.416956603527069092e-01
-5.768610537052154541e-02
-1.253457963466644287e-01
-1.142933368682861328e-01
-2.991760149598121643e-02
-5.304791927337646484e-01
3.961154222488403320e-01
-5.268272757530212402e-01
5.573436617851257324e-01
9.696292877197265625e-02
-3.929963409900665283e-01
7.059377431869506836e-01
-4.330592751502990723e-01
-1.406524926424026489e-01
4.272211790084838867e-01
-6.954117119312286377e-02
6.381393969058990479e-02
3.712237775325775146e-01
1.791093200445175171e-01
3.007308244705200195e-01
-4.819759428501129150e-01
-4.984696507453918457e-01
-2.685392498970031738e-01
8.319257199764251709e-02
-6.746761202812194824e-01
-7.769124507904052734e-01
1.447294652462005615e-01
-3.423239290714263916e-01
2.290589809417724609e-01
3.451363146305084229e-01
-2.442889809608459473e-01
-1.734148012474179268e-03
1.039251014590263367e-01
3.772150278091430664e-01
4.429562389850616455e-01
1.295340508222579956e-01
4.902199208736419678e-01
-1.942204684019088745e-01
6.696152687072753906e-01
2.601170837879180908e-01
2.866526842117309570e-01
-7.101763784885406494e-02
-7.040558755397796631e-02
-1.813260465860366821e-01
-2.384217083454132080e-01
1.611509561538696289e+00
4.387061595916748047e-01
-4.246474802494049072e-01
2.846558988094329834e-01
2.705552242696285248e-02
1.461217105388641357e-01
5.435776710510253906e-01
-3.759115934371948242e-01
-2.071912586688995361e-01
3.334893882274627686e-01
-2.366830408573150635e-02
-3.807080388069152832e-01
-1.815894395112991333e-01
-6.425944715738296509e-02
1.292663812637329102e-01
-1.547734588384628296e-01
-1.324287503957748413e-01
-5.785509347915649414e-01
-3.424233794212341309e-01
1.901537775993347168e-01
-2.725232243537902832e-01
1.543119251728057861e-01
-5.496474727988243103e-02
-1.523100584745407104e-01
-8.230432122945785522e-02
-1.347616553306579590e+00
-4.436554014682769775e-01
-1.021091461181640625e+00
4.613044559955596924e-01
2.492315322160720825e-01
3.583208918571472168e-01
9.900859594345092773e-01
7.038775086402893066e-02
6.313156336545944214e-02
-5.249242186546325684e-01
-2.405546158552169800e-01
5.339690670371055603e-02
-6.094450876116752625e-02
-3.949623703956604004e-01
-6.743591278791427612e-02
3.795530498027801514e-01
6.020332574844360352e-01
1.635886579751968384e-01
1.668597757816314697e-01
-2.494714707136154175e-01
7.356678694486618042e-02
-3.924592137336730957e-01
-3.086035549640655518e-01
-8.267320990562438965e-01
-3.238414227962493896e-02
-4.383040666580200195e-01
-1.077744960784912109e-01
4.994144737720489502e-01
-2.948231101036071777e-01
2.377837337553501129e-02
-1.392633281648159027e-02
1.871382445096969604e-01
9.763503074645996094e-02
-1.251837611198425293e-01
-3.142798542976379395e-01
2.783420979976654053e-01
1.647444367408752441e-01
-5.474621057510375977e-01
1.438171416521072388e-01
2.288727164268493652e-01
-1.067614746093750000e+01
2.162158191204071045e-01
2.213472425937652588e-01
1.741516739130020142e-01
-2.039967328310012817e-01
-6.496755480766296387e-01
-3.832934200763702393e-01
4.846040248870849609e+00
-3.620073795318603516e-01
-4.165376126766204834e-01
-1.822424307465553284e-02
1.431547999382019043e-01
8.664152026176452637e-02
5.936382412910461426e-01
4.537791907787322998e-01
-3.825686126947402954e-02
-8.085531592369079590e-01
6.846375763416290283e-02
1.521254181861877441e-01
2.219440229237079620e-02
-1.128100156784057617e-01
1.960354000329971313e-01
1.975167095661163330e-01
-3.445423543453216553e-01
2.179665565490722656e-01
2.159506082534790039e-01
2.969188988208770752e-01
1.447839289903640747e-01
-1.954538188874721527e-02
-1.882744729518890381e-01
-2.079595327377319336e-01
1.479063332080841064e-01
4.408819973468780518e-01
2.380267530679702759e-01
2.772174775600433350e-01
4.054503515362739563e-02
-3.366902768611907959e-01
1.981743872165679932e-01
-2.269128412008285522e-01
3.912217319011688232e-01
-2.615101039409637451e-01
2.209269702434539795e-01
8.365312963724136353e-02
6.102168560028076172e-01
-6.478739976882934570e-01
4.524211287498474121e-01
6.867057830095291138e-02
-7.152135968208312988e-01
3.561656475067138672e-01
-1.414006948471069336e-01
-3.136103451251983643e-01
-2.958226203918457031e-01
2.587510943412780762e-01
-3.367561101913452148e-01
2.767550051212310791e-01
1.127654034644365311e-02
-1.873178035020828247e-01
7.369304895401000977e-01
8.368028402328491211e-01
4.084291756153106689e-01
-1.123208776116371155e-01
1.463888138532638550e-01
5.946080684661865234e-01
3.520065546035766602e-01
-3.849887102842330933e-02
-4.148164987564086914e-01
-1.641262471675872803e-01
-3.669219911098480225e-01
8.460627198219299316e-01
-1.286435723304748535e-01
-3.455434143543243408e-01
-4.635759890079498291e-01
1.362739205360412598e-01
-3.975439667701721191e-01
4.456034004688262939e-01
-2.181266993284225464e-01
-7.004820555448532104e-02
-5.361637473106384277e-01
1.600291132926940918e-01
-1.633948273956775665e-02
2.253302186727523804e-01
4.537907242774963379e-02
2.912980616092681885e-01
4.943549036979675293e-01
-5.951101183891296387e-01
3.408495187759399414e-01
1.704081773757934570e+00
4.547978639602661133e-01
3.127112984657287598e-01
-8.559336885809898376e-03
2.973675495013594627e-03
-7.857328653335571289e-02
5.308623313903808594e-01
2.074439227581024170e-01
2.623024582862854004e-01
-3.245662152767181396e-02
-1.810008101165294647e-02
2.482794523239135742e-01
2.586669325828552246e-01
-9.980851411819458008e-01
-8.083701878786087036e-02
-3.742517232894897461e-01
-1.283378601074218750e-01
-1.199993789196014404e-01
-1.755701750516891479e-01
8.208042941987514496e-03
-3.449739888310432434e-02
-3.183636963367462158e-01
2.268718630075454712e-01
4.870959743857383728e-02
-1.182794719934463501e-01
7.926661372184753418e-01
3.872869312763214111e-01
2.649554014205932617e-01
-7.587854564189910889e-02
-1.255664136260747910e-02
-2.786984741687774658e-01
6.429637074470520020e-01
-5.127203464508056641e-01
1.921050399541854858e-01
7.013935595750808716e-02
-1.381662040948867798e-01
-7.161356806755065918e-01
1.562596261501312256e-01
-6.689623743295669556e-02
3.597258031368255615e-01
-2.433125823736190796e-01
-4.459949433803558350e-01
4.442016407847404480e-02
4.915136694908142090e-01
-2.175310701131820679e-01
-3.147565945982933044e-02
-5.453236699104309082e-01
-4.626668393611907959e-01
3.912016451358795166e-01
3.465459644794464111e-01
-2.905074506998062134e-02
1.148586124181747437e-01
-2.768344581127166748e-01
-6.548133678734302521e-03
1.095004230737686157e-01
3.896597027778625488e-01
1.726475208997726440e-01
-1.503831446170806885e-01
3.535855412483215332e-01
1.750923842191696167e-01
-4.585425853729248047e-01
-3.364355862140655518e-01
-2.037800848484039307e-01
1.575747132301330566e-01
-3.516443446278572083e-02
-1.447242498397827148e-01
3.374471142888069153e-02
6.033756732940673828e-01
-2.451171167194843292e-02
1.210704088211059570e+00
-4.219347536563873291e-01
-5.741531401872634888e-02
-2.309594862163066864e-02
-1.417666822671890259e-01
-1.217869147658348083e-01
-3.629563748836517334e-01
-9.385967254638671875e-01
-1.173844039440155029e-01
1.144909709692001343e-01
4.385810345411300659e-02
-4.675754606723785400e-01
-4.651761054992675781e-01
6.503092646598815918e-01
4.289140105247497559e-01
-2.191048115491867065e-01
-6.310695409774780273e-01
-1.227428615093231201e-01
9.734918922185897827e-02
5.269777178764343262e-01
7.492841035127639771e-02
2.846099436283111572e-01
-2.783617675304412842e-01
-1.918457150459289551e-01
6.224491447210311890e-02
-1.913623362779617310e-01
1.964319795370101929e-01
4.808024317026138306e-02
-1.126300096511840820e-01
6.110765337944030762e-01
-8.729945868253707886e-02
2.888369560241699219e-01
-6.465937495231628418e-01
-4.156647324562072754e-01
-6.728003025054931641e-01
-8.628457039594650269e-02
-4.850630834698677063e-02
-6.617588922381401062e-03
6.961904168128967285e-01
3.542975783348083496e-01
6.785497069358825684e-01
-2.563635110855102539e-01
2.507430016994476318e-01
1.738051027059555054e-01
-2.114403806626796722e-02
-1.970639824867248535e-01
8.735841512680053711e-02
-2.434264635667204857e-03
-8.856470584869384766e-01
1.665940582752227783e-01
-3.661251366138458252e-01
4.362659156322479248e-01
9.284539520740509033e-02
-1.386172417551279068e-02
-3.698049485683441162e-02
-3.933847546577453613e-01
3.998858630657196045e-01
8.329477906227111816e-02
4.936955869197845459e-02
4.279057681560516357e-01
3.040991425514221191e-01
-9.022652357816696167e-02
-3.645988414064049721e-03
-9.356749802827835083e-02
-8.930911868810653687e-02
5.217891931533813477e-01
3.995220065116882324e-01
7.681690156459808350e-02
2.437494099140167236e-01
3.550464510917663574e-01
-5.946636199951171875e-01
-5.649419501423835754e-02
-8.509454131126403809e-02
-1.751487702131271362e-01
2.069689035415649414e-01
2.182367295026779175e-01
4.688159376382827759e-02
2.932263016700744629e-01
-4.225435554981231689e-01
-4.079525768756866455e-01
3.440772593021392822e-01
1.642665453255176544e-02
-2.097414582967758179e-01
-2.040918171405792236e-01
2.543468773365020752e-02
-5.763936415314674377e-02
5.799081921577453613e-01
2.245360463857650757e-01
-3.107558786869049072e-01
-4.806938767433166504e-01
-3.545460700988769531e-01
1.670462265610694885e-02
-2.102618962526321411e-01
4.238952398300170898e-01
-1.928570680320262909e-02
3.448209166526794434e-01
2.834396958351135254e-01
6.203535199165344238e-01
-1.014491081237792969e+00
5.601709708571434021e-02
-3.267627060413360596e-01
-2.577607929706573486e-01
1.710750907659530640e-01
1.393041163682937622e-01
-4.956491589546203613e-01
2.920075953006744385e-01
8.793465793132781982e-03
2.003523893654346466e-02
-1.000598549842834473e+00
-1.792045086622238159e-01
-6.736733913421630859e-01
5.202157497406005859e-01
4.291256070137023926e-01
-7.509996294975280762e-01
-1.339394330978393555e+00
-2.149608582258224487e-01
7.488525509834289551e-01
-1.200601807795464993e-03
-3.209915757179260254e-01
1.720145791769027710e-01
5.661525726318359375e-01
1.061757057905197144e-01
-1.594294309616088867e-01
1.274837367236614227e-02
-2.511151134967803955e-01
1.559589952230453491e-01
-7.024924755096435547e-01
-1.267670243978500366e-01
-2.434114068746566772e-01
8.375840634107589722e-02
3.489015996456146240e-02
3.205168843269348145e-01
-2.951229214668273926e-01
5.330733209848403931e-02
2.784736156463623047e-01
2.248015701770782471e-01
-1.865408569574356079e-01
-1.394341737031936646e-01
2.724549174308776855e-01
-4.337389469146728516e-01
-1.354097723960876465e-01
-4.147144258022308350e-01
1.555999666452407837e-01
-3.334763348102569580e-01
4.007940292358398438e-01
1.161853075027465820e-01
-2.757955193519592285e-01
-5.726618692278862000e-03
-3.610160350799560547e-01
1.275140345096588135e-01
-3.541962206363677979e-01
3.947912752628326416e-01
-1.804438382387161255e-01
-3.743286430835723877e-01
-6.239243969321250916e-02
-5.257343649864196777e-01
-3.983367085456848145e-01
3.369628787040710449e-01
-5.637227743864059448e-02
-2.442584782838821411e-01
6.696786731481552124e-02
-3.988166153430938721e-01
-2.418080717325210571e-01
2.476330995559692383e-01
-2.617523670196533203e-01
3.452991694211959839e-02
-1.482982933521270752e-01
2.910455763339996338e-01
-5.368301868438720703e-01
-3.831741809844970703e-01
2.342274934053421021e-01
3.659875318408012390e-02
-1.778195351362228394e-01
-2.568317055702209473e-01
-2.198918163776397705e-01
-6.819938868284225464e-02
2.032696753740310669e-01
-3.355406224727630615e-01
-2.033198624849319458e-01
2.367685884237289429e-01
-2.175086289644241333e-01
-7.318162918090820312e-01
-2.498994022607803345e-02
4.042077660560607910e-01
2.456240057945251465e-01
-3.742874562740325928e-01
6.555735319852828979e-02
-5.103543996810913086e-01
-5.522944331169128418e-01
-1.298190951347351074e-01
-2.711274325847625732e-01
1.572991609573364258e-01
-3.171365857124328613e-01
-6.891734153032302856e-02
-2.052373737096786499e-01
-4.006235003471374512e-01
-2.354524135589599609e-01
-6.081663966178894043e-01
-4.066381230950355530e-02
6.693243384361267090e-01
6.626006960868835449e-02
-5.799226760864257812e-01
-7.134621590375900269e-02
-4.293226897716522217e-01
-2.766360938549041748e-01
5.156542062759399414e-01
-7.163941860198974609e-01
-5.039163231849670410e-01
-3.054696023464202881e-01
-2.892401218414306641e-01
-2.070040702819824219e-01
5.191395282745361328e-01
2.557183504104614258e-01
5.903727412223815918e-01
-4.885733425617218018e-01
-1.454722322523593903e-02
3.186791241168975830e-01
-9.739709496498107910e-01
-6.817007660865783691e-01
-1.934328228235244751e-01
-6.378276348114013672e-01
4.610071182250976562e-01
4.529198110103607178e-01
-6.599742174148559570e-02
3.358324766159057617e-01
-4.558693170547485352e-01
1.581626832485198975e-01
2.551067769527435303e-01
-9.236392378807067871e-02
-4.182599484920501709e-01
2.625667750835418701e-01
-4.191876202821731567e-02
-4.463019073009490967e-01
7.587681710720062256e-02
-1.419126689434051514e-01
6.757068634033203125e-01
-4.289707541465759277e-01
8.699648827314376831e-02
-3.665466010570526123e-01
-9.828905761241912842e-02
-2.040092349052429199e-01
-3.400680124759674072e-01
1.810140907764434814e-01
4.746186360716819763e-02
3.712331652641296387e-01
2.871390581130981445e-01
6.325929611921310425e-02
2.201133519411087036e-01
-8.999997749924659729e-03
-2.274669706821441650e-02
1.223859190940856934e-01
3.166420385241508484e-02
-5.894132256507873535e-01
3.682852983474731445e-01
3.448782563209533691e-01
-2.332716137170791626e-01
1.872174739837646484e-01
2.224634774029254913e-02
1.298834383487701416e-01
-6.167004704475402832e-01
-7.659000903367996216e-02
2.730884253978729248e-01
-3.379668593406677246e-01
-2.126923501491546631e-01
-3.352411091327667236e-01
-2.080101221799850464e-01
2.335695326328277588e-01
6.127648800611495972e-02
4.310831129550933838e-01
-5.452047660946846008e-02
4.147415608167648315e-02
-4.147102832794189453e-01
-8.692131191492080688e-02
3.017419576644897461e-01
1.960856765508651733e-01
6.298097223043441772e-02
-9.817954301834106445e-01
-5.400403141975402832e-01
-5.305753350257873535e-01
-1.979905813932418823e-01
-3.129854202270507812e-01
1.667441129684448242e-01
-2.710834443569183350e-01
2.214683890342712402e-01
-6.149526312947273254e-02
2.936324477195739746e-01
-4.677499234676361084e-01
1.513257026672363281e-01
-2.206740975379943848e-01
-2.062165737152099609e-01
-2.277192771434783936e-01
-2.240569293498992920e-01
1.890860795974731445e-01
2.057307958602905273e-01
-1.888667345046997070e-01
3.463096022605895996e-01
9.584072232246398926e-02
-2.320169508457183838e-01
-3.074912428855895996e-01
-1.270084828138351440e-01
-3.138196766376495361e-01
2.434853464365005493e-01
8.941887319087982178e-02
-1.564029008150100708e-01
2.066907659173011780e-02
-2.722508013248443604e-01
1.585296541452407837e-01
1.714264303445816040e-01
-2.066958397626876831e-01
5.680100247263908386e-02
1.836569011211395264e-01
-3.765086531639099121e-01
-3.694421052932739258e-01
1.284886747598648071e-01
-6.968657672405242920e-02
-4.495908692479133606e-02
8.348501920700073242e-01
-3.862686455249786377e-01
1.895056068897247314e-01
2.460771799087524414e-01
6.875903606414794922e-01
1.936887204647064209e-01
-1.972667127847671509e-01
-7.855896838009357452e-03
3.911240398883819580e-01
1.884539723396301270e-01
7.605956196784973145e-01
-4.068160355091094971e-01
-2.754500210285186768e-01
-3.963199555873870850e-01
8.642932772636413574e-02
4.385221898555755615e-01
-3.457615524530410767e-02
1.495467722415924072e-01
-4.495768249034881592e-01
-7.946392893791198730e-02
-1.361119002103805542e-01
-1.822418719530105591e-01
9.929240494966506958e-02
2.316206693649291992e-01
1.557705551385879517e-01
-2.516592144966125488e-01
2.511367797851562500e-01
-4.980494081974029541e-01
2.584274113178253174e-01
-1.353849023580551147e-01
-2.414940297603607178e-01
-3.974626660346984863e-01
-1.690538823604583740e-01
2.470638513565063477e+00
-3.190366625785827637e-01
-2.961913347244262695e-01
2.114992290735244751e-01
-1.615058928728103638e-01
-1.264087855815887451e-01
-1.997235566377639771e-01
2.371768057346343994e-01
5.443685650825500488e-01
1.170973703265190125e-01
-6.107312440872192383e-01
4.113729596138000488e-01
1.014920920133590698e-01
-6.089467182755470276e-02
1.997610926628112793e-01
-3.622644245624542236e-01
-4.600384831428527832e-02
7.314912080764770508e-01
2.982111573219299316e-01
7.259992510080337524e-02
1.181078553199768066e-01
-3.357081860303878784e-02
-6.831235289573669434e-01
-6.144565939903259277e-01
2.627670392394065857e-02
-2.019340395927429199e-01
-2.339017838239669800e-01
-6.750006228685379028e-03
1.287869513034820557e-01
-6.654896736145019531e-01
-2.954160869121551514e-01
-2.177914604544639587e-03
1.247322186827659607e-01
3.248349428176879883e-01
-2.656827270984649658e-01
2.368336915969848633e-01
-2.757114171981811523e-02
