-7.478288412094116211e-01
-6.888856291770935059e-01
-5.410572290420532227e-01
-5.304318666458129883e-01
-7.817064225673675537e-02
-4.171683788299560547e-01
-2.046787738800048828e-01
5.614809989929199219e-01
8.944355249404907227e-01
-1.226579308509826660e+00
3.393403440713882446e-02
-6.594718992710113525e-02
-9.502533078193664551e-01
-2.872317433357238770e-01
1.258712857961654663e-01
1.654939800500869751e-01
1.031852364540100098e+00
-1.260312646627426147e-01
-3.219955265522003174e-01
-1.507356204092502594e-02
8.566039800643920898e-01
-6.038805246353149414e-01
-1.056428432464599609e+00
5.308195352554321289e-01
1.517138332128524780e-01
5.046476125717163086e-01
-1.142743349075317383e+00
-1.150291189551353455e-01
8.441837430000305176e-01
4.952800869941711426e-01
6.260079741477966309e-01
4.741391241550445557e-01
3.806562125682830811e-01
-1.007125377655029297e+00
2.280162572860717773e-01
8.351998776197433472e-02
4.623555541038513184e-01
3.617967367172241211e-01
4.204491078853607178e-01
2.221873700618743896e-01
2.051053792238235474e-01
-1.698191463947296143e-01
1.085716962814331055e+00
4.698446393013000488e-01
3.272238373756408691e-01
-2.259304821491241455e-01
-2.419950067996978760e-01
-2.611575424671173096e-01
-9.875862300395965576e-02
8.317223787307739258e-01
-9.881995916366577148e-01
3.474877774715423584e-01
6.325282901525497437e-02
2.286187410354614258e-01
-8.342121839523315430e-01
-7.577163577079772949e-01
6.759593635797500610e-02
2.071510106325149536e-01
9.765027463436126709e-02
-1.820496171712875366e-01
-6.530354171991348267e-02
4.098539352416992188e-01
-5.847970247268676758e-01
3.538240790367126465e-01
-2.870215475559234619e-01
4.766700267791748047e-01
-3.396719694137573242e-01
5.435479804873466492e-02
-1.850480288267135620e-01
-3.521833717823028564e-01
5.622996687889099121e-01
-3.037357330322265625e-01
-3.498795628547668457e-01
1.454201489686965942e-01
9.441574215888977051e-01
7.830915451049804688e-01
-1.536742150783538818e-01
-4.920509085059165955e-02
1.377672553062438965e+00
-1.563998162746429443e-01
-3.379386365413665771e-01
-1.207491904497146606e-01
2.610850036144256592e-01
3.967450559139251709e-01
5.358319878578186035e-01
-3.360963463783264160e-01
5.854851007461547852e-01
-9.384563565254211426e-01
3.740282952785491943e-01
-4.041503965854644775e-01
-5.372585654258728027e-01
-2.081054747104644775e-01
1.585675030946731567e-01
-8.097128570079803467e-02
1.581566757522523403e-03
3.013539360836148262e-03
-1.309877932071685791e-01
-2.631708085536956787e-01
2.271915227174758911e-01
8.119379878044128418e-01
-8.215823024511337280e-02
1.675666213035583496e+00
7.124665975570678711e-01
-2.825784087181091309e-01
4.625547677278518677e-02
-1.712065190076828003e-01
7.755156159400939941e-01
5.419586896896362305e-01
8.250700235366821289e-01
7.917459309101104736e-02
2.614978253841400146e-01
1.706880033016204834e-01
-5.682960748672485352e-01
2.660511136054992676e-01
1.065475121140480042e-02
2.924920916557312012e-01
2.351638376712799072e-01
1.709591895341873169e-01
-3.702344745397567749e-02
-9.148360788822174072e-02
3.964126408100128174e-01
9.710609316825866699e-01
-7.850596904754638672e-01
3.370459973812103271e-01
-7.578576803207397461e-01
7.794589400291442871e-01
1.120111197233200073e-01
-2.874027192592620850e-01
1.733278512954711914e+00
6.340575218200683594e-01
-3.523404598236083984e-01
3.040356338024139404e-01
9.326505661010742188e-02
-3.539673611521720886e-02
9.046120643615722656e-01
8.718870282173156738e-01
2.631891369819641113e-01
-3.555093407630920410e-01
-1.250721096992492676e+00
-5.806483030319213867e-01
1.077685579657554626e-01
-1.027417063713073730e+00
-7.032678723335266113e-01
6.561954021453857422e-01
-4.849647879600524902e-01
4.496007859706878662e-01
1.664596498012542725e-01
-3.077316284179687500e-01
3.464121222496032715e-01
-1.780127733945846558e-01
6.055541038513183594e-01
5.538899898529052734e-01
1.737819015979766846e-01
6.699353456497192383e-01
-3.391217887401580811e-01
6.605657935142517090e-01
1.029771566390991211e+00
1.936521530151367188e-01
-1.810336410999298096e-01
-6.215904951095581055e-01
-2.679917514324188232e-01
-3.324020802974700928e-01
1.905221223831176758e+00
-1.596911549568176270e+00
-7.298735380172729492e-01
3.282518088817596436e-01
2.430946379899978638e-01
5.323058962821960449e-01
4.075005650520324707e-01
-6.928591728210449219e-01
8.275672197341918945e-01
2.748482823371887207e-01
-6.303435564041137695e-01
3.359623849391937256e-01
6.751196086406707764e-02
1.156467944383621216e-02
5.016649514436721802e-02
-2.243900746107101440e-01
4.393135756254196167e-02
-1.128651618957519531e+00
3.280344307422637939e-01
1.010472774505615234e-01
-2.752030491828918457e-01
3.614728748798370361e-01
2.648116946220397949e-01
-8.581855893135070801e-01
-1.812636852264404297e-02
-1.885718703269958496e+00
-3.206018805503845215e-01
-1.727013826370239258e+00
2.002042979001998901e-01
3.005149960517883301e-01
3.664868474006652832e-01
1.436229944229125977e+00
2.782065868377685547e-01
1.228658109903335571e-01
-8.175981640815734863e-01
-3.325394392013549805e-01
2.297402322292327881e-01
1.248548999428749084e-01
-3.355098366737365723e-01
-2.993693351745605469e-01
5.164660215377807617e-01
6.149746179580688477e-01
2.521252036094665527e-01
1.064287796616554260e-01
-3.029750287532806396e-01
9.933290630578994751e-02
-8.799998164176940918e-01
-7.453168034553527832e-01
-8.844443559646606445e-01
-2.962793782353401184e-02
-1.145288348197937012e+00
-6.013023257255554199e-01
-5.417992919683456421e-02
-4.039618968963623047e-01
2.616067230701446533e-02
-1.332520544528961182e-01
1.494899541139602661e-01
-1.837409436702728271e-01
-3.298200294375419617e-02
-2.368990927934646606e-01
3.351354598999023438e-01
4.081172347068786621e-01
-5.228762030601501465e-01
1.626394689083099365e-02
2.966956794261932373e-01
-8.068727493286132812e+00
-2.484120875597000122e-01
-5.095678567886352539e-01
4.421254098415374756e-01
-3.021418750286102295e-01
-9.604108929634094238e-01
-3.793696761131286621e-01
5.556133747100830078e+00
-4.577813744544982910e-01
-2.122661620378494263e-01
-5.432174727320671082e-02
-1.671824008226394653e-01
-8.344623446464538574e-02
6.200624704360961914e-01
3.818588554859161377e-01
2.678491473197937012e-01
-4.335076212882995605e-01
-1.013615950942039490e-01
2.625828385353088379e-01
-1.218249350786209106e-01
-1.414736807346343994e-01
2.357919141650199890e-02
-3.332345485687255859e-01
-8.440672159194946289e-01
5.603283047676086426e-01
8.300584554672241211e-01
4.461297094821929932e-01
1.147614270448684692e-01
1.122152656316757202e-01
-7.651885747909545898e-01
-6.672163009643554688e-01
5.290464684367179871e-02
2.922633588314056396e-01
2.349832355976104736e-01
-2.735195159912109375e-01
-1.954665184020996094e-01
-2.831320092082023621e-02
1.357488334178924561e-01
-6.175047755241394043e-01
2.351774424314498901e-01
6.169105693697929382e-02
5.183109547942876816e-03
2.117282897233963013e-01
8.375362157821655273e-01
-4.163804054260253906e-01
3.443557620048522949e-01
6.134479492902755737e-02
-5.190560221672058105e-01
5.134333372116088867e-01
-5.068956017494201660e-01
-4.401354193687438965e-01
-3.055385053157806396e-01
2.224415838718414307e-01
-1.137023329734802246e+00
-4.821855425834655762e-01
-4.237497970461845398e-02
-8.123930096626281738e-01
7.198032140731811523e-01
6.783471703529357910e-01
4.696021676063537598e-01
-4.389403760433197021e-01
1.422809511423110962e-01
7.432512044906616211e-01
2.744484543800354004e-01
5.972724035382270813e-02
-6.158779859542846680e-01
-3.089714646339416504e-01
-1.130268335342407227e+00
6.542672514915466309e-01
-2.503226324915885925e-02
-4.829085767269134521e-01
-4.443411827087402344e-01
-2.370997965335845947e-01
-1.493047177791595459e-01
6.953362226486206055e-01
8.036814630031585693e-02
-4.706334322690963745e-02
1.012603163719177246e+00
2.401667088270187378e-01
-2.268380671739578247e-02
5.678065419197082520e-01
2.818717360496520996e-01
1.490485370159149170e-01
7.002888917922973633e-01
-1.338469147682189941e+00
7.748275995254516602e-01
9.218808412551879883e-01
4.041172862052917480e-01
1.892260611057281494e-01
-9.865269809961318970e-02
-2.756933271884918213e-01
1.091530919075012207e-02
1.008764505386352539e+00
3.042257763445377350e-02
3.568846583366394043e-01
-6.910970807075500488e-01
3.139255568385124207e-02
3.256726861000061035e-01
2.855801284313201904e-01
-1.356417655944824219e+00
2.396146999672055244e-03
-7.983773350715637207e-01
-1.201732605695724487e-01
-2.618249356746673584e-01
-3.822416663169860840e-01
1.899406611919403076e-01
-1.326113343238830566e-01
-6.002572178840637207e-01
3.017858862876892090e-01
-6.727979332208633423e-02
-1.784712076187133789e-01
1.330648899078369141e+00
-9.441719204187393188e-02
3.582704663276672363e-01
-3.036750853061676025e-01
6.928397808223962784e-03
-4.925609529018402100e-01
5.373287200927734375e-01
-7.332124114036560059e-01
-1.673361957073211670e-01
2.293244302272796631e-01
-5.424351096153259277e-01
-7.523132562637329102e-01
-1.494063436985015869e-01
-2.400692403316497803e-01
-3.459721207618713379e-01
-3.615114390850067139e-01
-3.145101070404052734e-01
3.212794363498687744e-01
8.907356262207031250e-01
-2.397183626890182495e-01
2.203834950923919678e-01
-8.441745042800903320e-01
-3.796595931053161621e-01
7.241182327270507812e-01
6.544711440801620483e-02
1.127750128507614136e-01
5.117556545883417130e-03
-4.686617106199264526e-02
-1.629849895834922791e-02
3.897724747657775879e-01
1.755748093128204346e-01
3.089116811752319336e-01
-5.569114163517951965e-02
6.939088702201843262e-01
-1.456223399145528674e-04
-6.196334958076477051e-01
-8.543416857719421387e-01
-5.236359313130378723e-02
4.394806548953056335e-02
2.765449881553649902e-01
-1.811861753463745117e+00
-4.219935741275548935e-03
1.634417295455932617e+00
-2.098283767700195312e-01
5.199936628341674805e-01
-1.058115601539611816e+00
-6.103426963090896606e-02
-1.413901746273040771e-01
-1.371523588895797729e-01
-9.902570843696594238e-01
-7.421580553054809570e-01
-4.666663706302642822e-01
-2.072706222534179688e-01
-4.674313589930534363e-02
1.948586851358413696e-01
-2.648113667964935303e-01
-7.513912916183471680e-01
8.923551440238952637e-01
4.494929909706115723e-01
-6.822516918182373047e-01
-5.271419882774353027e-01
-2.291952818632125854e-01
1.986247003078460693e-01
6.422249078750610352e-01
6.875113397836685181e-02
2.066419571638107300e-01
-6.221871376037597656e-01
-2.039979994297027588e-01
6.586576998233795166e-02
-9.372035041451454163e-03
2.549639642238616943e-01
7.702498137950897217e-02
-8.403914421796798706e-02
8.481317758560180664e-01
-5.083994939923286438e-02
-2.779902517795562744e-01
-1.809729635715484619e-01
-5.929547548294067383e-01
-1.598744034767150879e+00
6.628752499818801880e-02
2.520091533660888672e-01
-5.171622037887573242e-01
7.918567657470703125e-01
3.028300106525421143e-01
6.895962357521057129e-01
-9.670155644416809082e-01
6.487829089164733887e-01
2.346044480800628662e-01
-1.035418361425399780e-01
-1.764272451400756836e-01
8.139204978942871094e-02
-1.065697520971298218e-02
-1.371060132980346680e+00
1.306795626878738403e-01
2.807390689849853516e-01
4.028119444847106934e-01
-4.733742028474807739e-02
-6.229174137115478516e-02
-1.328094769269227982e-02
-5.797810554504394531e-01
5.138836503028869629e-01
-3.999456018209457397e-02
1.029288023710250854e-01
3.739656507968902588e-01
4.197843074798583984e-01
-3.730657994747161865e-01
3.063501715660095215e-01
-5.449787899851799011e-02
1.248253881931304932e-02
3.973738253116607666e-01
3.793618083000183105e-01
3.190727829933166504e-01
4.996622726321220398e-02
1.388287782669067383e+00
-6.379007101058959961e-01
-1.469057947397232056e-01
-1.282512664794921875e+00
-4.861014485359191895e-01
2.194878607988357544e-01
3.098700642585754395e-01
6.062407419085502625e-02
3.923673629760742188e-01
-8.693955540657043457e-01
-5.664587616920471191e-01
3.207696601748466492e-02
-1.668474376201629639e-01
-2.129023522138595581e-01
-6.555619090795516968e-02
3.488397002220153809e-01
-6.665942072868347168e-02
7.439871430397033691e-01
2.176522910594940186e-01
-3.487088978290557861e-01
-4.653282761573791504e-01
-5.364624261856079102e-01
-3.003980815410614014e-01
-1.698577702045440674e-01
5.983959510922431946e-02
1.484355628490447998e-01
2.675445675849914551e-01
5.835494995117187500e-01
1.639980554580688477e+00
-2.636156976222991943e-01
2.077689617872238159e-01
1.667193472385406494e-01
-7.910869717597961426e-01
2.611028254032135010e-01
2.270697057247161865e-01
-2.529057264328002930e-01
2.208615988492965698e-01
6.184564828872680664e-01
-1.182120069861412048e-01
-2.350636720657348633e+00
3.107500076293945312e-02
-8.509807586669921875e-01
-3.835799098014831543e-01
1.117504954338073730e+00
-1.137320756912231445e+00
-1.576219797134399414e+00
-2.129198759794235229e-01
1.105407357215881348e+00
8.327527046203613281e-01
-4.951308667659759521e-01
5.946308374404907227e-01
6.385043859481811523e-01
2.745255827903747559e-01
-1.174944043159484863e-01
-8.813522756099700928e-03
-2.073494940996170044e-01
4.125498831272125244e-01
-8.612119555473327637e-01
-2.108875848352909088e-02
-4.238204360008239746e-01
-4.356048256158828735e-02
-7.332120090723037720e-02
1.215688958764076233e-01
-4.142464101314544678e-01
5.305282026529312134e-02
4.650679230690002441e-01
5.815193802118301392e-02
-2.452866584062576294e-01
6.100051477551460266e-02
2.562687993049621582e-01
-3.799058198928833008e-01
-4.162097871303558350e-01
-5.175844430923461914e-01
6.259479522705078125e-01
6.760241091251373291e-02
6.913334131240844727e-01
-7.964680343866348267e-02
-9.258145093917846680e-02
7.689742743968963623e-02
-5.572172999382019043e-01
5.346624851226806641e-01
-1.649352610111236572e-01
3.776325881481170654e-01
-2.713339626789093018e-01
-6.326004862785339355e-01
-3.705844283103942871e-01
-6.947672963142395020e-01
-5.030115842819213867e-01
8.521836400032043457e-01
-2.601490914821624756e-01
-1.502046436071395874e-01
-3.453192114830017090e-01
-1.482630372047424316e-01
-3.009049296379089355e-01
4.974513947963714600e-01
-6.287983655929565430e-01
1.901494413614273071e-01
4.659298434853553772e-02
3.832072317600250244e-01
-8.820747137069702148e-01
-1.021309614181518555e+00
2.887412011623382568e-01
1.160662397742271423e-01
2.782530188560485840e-01
-3.931758105754852295e-01
-5.003963112831115723e-01
-1.012121886014938354e-01
3.041711747646331787e-01
-7.547383308410644531e-01
-6.201422214508056641e-02
4.857293963432312012e-01
-7.078921888023614883e-03
-8.934429287910461426e-01
2.294303849339485168e-02
4.907909333705902100e-01
2.622317075729370117e-01
-2.177912443876266479e-01
2.761208415031433105e-01
-4.105650782585144043e-01
-7.590162158012390137e-01
-4.590062052011489868e-02
-5.070025324821472168e-01
3.459673523902893066e-01
-7.966043949127197266e-01
-5.824671126902103424e-03
-1.104563251137733459e-01
-6.754329204559326172e-01
-6.419476270675659180e-01
-1.277965307235717773e+00
-1.864034384489059448e-01
8.719438314437866211e-01
6.781999766826629639e-02
-7.904058098793029785e-01
2.044604718685150146e-01
-4.157466888427734375e-01
-2.715490162372589111e-01
6.624315381050109863e-01
-4.829777777194976807e-01
-5.285628437995910645e-01
-3.061880171298980713e-01
-2.263006716966629028e-01
-5.354672670364379883e-01
3.979850411415100098e-01
8.387331962585449219e-01
2.927977442741394043e-01
-1.274951994419097900e-01
-2.763313651084899902e-01
1.243390798568725586e+00
-1.304021198302507401e-02
-4.924121797084808350e-01
-5.641425848007202148e-01
1.702572852373123169e-01
5.760238766670227051e-01
4.745550751686096191e-01
4.606053233146667480e-01
8.163860440254211426e-02
-7.255810499191284180e-01
4.089433550834655762e-01
4.917278885841369629e-01
-2.740629315376281738e-01
-6.499369740486145020e-01
9.906150400638580322e-02
-1.087439432740211487e-01
-7.362412214279174805e-01
3.424288928508758545e-01
-1.872202306985855103e-01
1.018458366394042969e+00
-3.671330809593200684e-01
2.471623867750167847e-01
-7.879235595464706421e-02
2.234052419662475586e-01
-4.528790116310119629e-01
-5.594100356101989746e-01
6.985115259885787964e-02
9.182421863079071045e-02
7.146621346473693848e-01
3.304072618484497070e-01
-2.274929918348789215e-02
-3.873699158430099487e-02
2.155638635158538818e-01
-2.204676531255245209e-02
1.543752908706665039e+00
3.640194982290267944e-02
-5.470405817031860352e-01
2.326418906450271606e-01
4.510472416877746582e-01
-2.429578080773353577e-02
6.731033325195312500e-01
9.595815837383270264e-02
1.660738587379455566e-01
-7.150526642799377441e-01
-3.943754732608795166e-02
2.602034509181976318e-01
-4.737350940704345703e-01
-7.469580322504043579e-02
-6.422445178031921387e-01
-1.681889295578002930e+00
8.374805748462677002e-02
1.305357515811920166e-01
4.082836210727691650e-01
-1.113227605819702148e-01
-1.646540015935897827e-01
-7.044364213943481445e-01
-4.510527551174163818e-01
6.612237691879272461e-01
1.127431616187095642e-01
3.164249062538146973e-01
-1.848416686058044434e+00
-1.450763940811157227e+00
-6.285745501518249512e-01
-5.187929868698120117e-01
-5.431209802627563477e-01
3.251994252204895020e-01
6.817745566368103027e-01
1.372874677181243896e-01
-3.064425885677337646e-01
4.566523432731628418e-01
-6.834701299667358398e-01
4.484398961067199707e-01
-2.722674012184143066e-01
-4.667643904685974121e-01
-4.117213785648345947e-01
-9.082401394844055176e-01
6.418575048446655273e-01
2.926244139671325684e-01
3.042779564857482910e-01
1.077147960662841797e+00
-5.148283839225769043e-01
-3.355234265327453613e-01
-3.111641705036163330e-01
-3.237942159175872803e-01
-2.865756154060363770e-01
4.656839370727539062e-01
-5.172984208911657333e-03
-6.545262783765792847e-02
1.999951899051666260e-01
-4.420285224914550781e-01
4.032734334468841553e-01
3.592599555850028992e-02
-2.483390271663665771e-01
7.488898932933807373e-02
1.396526098251342773e-01
-3.541861176490783691e-01
-2.090341746807098389e-01
2.012856751680374146e-01
6.602771580219268799e-02
1.170983552932739258e+00
8.474277257919311523e-01
7.358856499195098877e-02
2.560603022575378418e-01
-1.401627779006958008e+00
3.103003203868865967e-01
3.456042408943176270e-01
-3.958028554916381836e-01
-1.268931031227111816e-01
3.317188918590545654e-01
2.386770546436309814e-01
1.299233675003051758e+00
-2.924482822418212891e-01
8.011301606893539429e-02
-1.973104178905487061e-01
-4.893904179334640503e-02
3.459198474884033203e-01
9.564364328980445862e-03
2.660436034202575684e-01
-3.166234195232391357e-01
-6.176340579986572266e-02
-3.534654527902603149e-02
-2.793565392494201660e-01
3.098269402980804443e-01
4.211374819278717041e-01
4.396619796752929688e-01
-4.866780340671539307e-01
1.162855997681617737e-01
-1.015948057174682617e+00
-1.062480956315994263e-01
-3.426556587219238281e-01
-2.296026498079299927e-01
-1.268887370824813843e-01
-4.887895658612251282e-02
3.560787916183471680e+00
-3.473673462867736816e-01
-5.505026578903198242e-01
-4.713029861450195312e-01
3.018174134194850922e-02
4.788200184702873230e-02
-1.075794920325279236e-01
9.239972233772277832e-01
8.209143877029418945e-01
-3.576511517167091370e-02
-4.890739321708679199e-01
4.874678552150726318e-01
8.012021780014038086e-01
3.014134801924228668e-02
1.676197797060012817e-01
2.411357164382934570e-01
8.043946325778961182e-02
1.013581156730651855e+00
2.944836020469665527e-01
1.675511747598648071e-01
-9.631727635860443115e-02
-3.704003095626831055e-01
-5.862586498260498047e-01
-8.736733198165893555e-01
2.524679005146026611e-01
-5.157362222671508789e-01
-4.000886976718902588e-01
4.062421917915344238e-01
2.031342089176177979e-01
-1.852654218673706055e+00
-1.854061484336853027e-01
1.889767944812774658e-01
1.731627881526947021e-01
7.246825098991394043e-01
-4.937295913696289062e-01
2.576168775558471680e-01
-2.638160623610019684e-02
