-5.430783629417419434e-01
-7.470426559448242188e-01
-4.055415987968444824e-01
-1.843083202838897705e-01
-7.051368709653615952e-03
-2.473067492246627808e-01
-1.388019770383834839e-01
5.460159182548522949e-01
4.455575346946716309e-01
-1.816040128469467163e-01
-2.809556424617767334e-01
3.873774409294128418e-02
-5.269123315811157227e-01
-1.004385799169540405e-01
1.906154900789260864e-01
-1.339419335126876831e-01
2.081930823624134064e-02
2.085261791944503784e-02
-1.891862004995346069e-01
-2.885039150714874268e-01
4.103961884975433350e-01
-4.153676033020019531e-01
-5.072339177131652832e-01
2.988788187503814697e-01
3.180714249610900879e-01
-1.021771952509880066e-01
-4.886422753334045410e-01
-1.248008608818054199e-01
4.120076894760131836e-01
4.280594587326049805e-01
3.397766053676605225e-01
2.816495895385742188e-01
2.087731510400772095e-01
-4.774515032768249512e-01
2.525294898077845573e-03
1.132121831178665161e-01
3.880445361137390137e-01
-5.690549314022064209e-02
4.200684428215026855e-01
1.535763144493103027e-01
2.381862401962280273e-01
-2.415039837360382080e-01
9.151729345321655273e-01
3.461455702781677246e-01
5.970625951886177063e-02
-4.565572738647460938e-01
-6.874383240938186646e-02
-2.794168591499328613e-01
1.114107668399810791e-01
7.585037350654602051e-01
-3.299562036991119385e-01
1.896709948778152466e-01
2.061661332845687866e-01
1.990901539102196693e-03
-5.506091713905334473e-01
-4.210696220397949219e-01
-2.266380190849304199e-01
6.987772136926651001e-02
-5.192900449037551880e-02
1.147084161639213562e-01
-1.764778196811676025e-01
3.283794820308685303e-01
-5.692201256752014160e-01
2.452539056539535522e-01
-1.530214101076126099e-01
4.813927412033081055e-01
-1.326757371425628662e-01
-8.846288546919822693e-03
1.264178603887557983e-01
-3.637823760509490967e-01
6.780537962913513184e-01
-2.924052178859710693e-01
-4.315083324909210205e-01
2.565526664257049561e-01
5.898692607879638672e-01
1.847675293684005737e-01
-3.487103283405303955e-01
5.396439135074615479e-02
1.002469897270202637e+00
3.885660469532012939e-01
-3.792327642440795898e-01
-3.379103243350982666e-01
1.717211306095123291e-01
3.115005791187286377e-01
4.111154377460479736e-01
-2.620804309844970703e-01
2.759399116039276123e-01
-4.284612834453582764e-01
4.755173623561859131e-01
-6.720055341720581055e-01
-3.463160991668701172e-01
-2.781968414783477783e-01
1.029611974954605103e-01
1.718067675828933716e-01
-5.046777427196502686e-02
-1.034639403223991394e-01
4.850185662508010864e-02
-2.849888503551483154e-01
8.016204833984375000e-02
7.098121643066406250e-01
-6.285808980464935303e-02
5.064706802368164062e-01
2.234803587198257446e-01
-3.263425827026367188e-01
5.979700386524200439e-02
-3.178800940513610840e-01
3.006943464279174805e-01
6.529062390327453613e-01
5.161820650100708008e-01
1.201241314411163330e-01
1.571272760629653931e-01
3.714183568954467773e-01
-5.335932374000549316e-01
-1.630285084247589111e-01
-5.084425583481788635e-02
1.542165726423263550e-01
9.737262874841690063e-02
-4.357207119464874268e-01
-5.130346491932868958e-02
-1.198006123304367065e-01
-1.183662191033363342e-01
-1.897560246288776398e-02
-5.168871879577636719e-01
3.956653475761413574e-01
-5.279436111450195312e-01
5.507329702377319336e-01
1.014751046895980835e-01
-3.913008868694305420e-01
6.937247514724731445e-01
-3.938721120357513428e-01
-1.508966535329818726e-01
4.207995831966400146e-01
-6.192108616232872009e-02
6.784865260124206543e-02
3.845111131668090820e-01
1.704141199588775635e-01
3.195267915725708008e-01
-4.737524688243865967e-01
-5.127618908882141113e-01
-2.783747017383575439e-01
9.010683745145797729e-02
-6.825623512268066406e-01
-7.811025977134704590e-01
1.435695290565490723e-01
-3.443782329559326172e-01
2.275354862213134766e-01
3.465301394462585449e-01
-2.395515143871307373e-01
7.033615373075008392e-03
9.465464949607849121e-02
3.869048655033111572e-01
4.408458173274993896e-01
1.194080784916877747e-01
5.140140056610107422e-01
-2.010671049356460571e-01
6.849593520164489746e-01
2.684735357761383057e-01
2.832162082195281982e-01
-7.716675102710723877e-02
-7.505861669778823853e-02
-1.883564144372940063e-01
-2.284315079450607300e-01
1.581543326377868652e+00
3.996989727020263672e-01
-4.381355047225952148e-01
2.889764606952667236e-01
3.451558947563171387e-02
1.455404162406921387e-01
5.400314331054687500e-01
-3.850907981395721436e-01
-1.866857111454010010e-01
3.268634080886840820e-01
-4.030596092343330383e-02
-3.718912899494171143e-01
-1.735645979642868042e-01
-5.273802578449249268e-02
1.308410763740539551e-01
-1.627654135227203369e-01
-1.308989822864532471e-01
-6.007701158523559570e-01
-3.326828479766845703e-01
1.791239678859710693e-01
-2.598695456981658936e-01
1.553367823362350464e-01
-3.791132569313049316e-02
-1.801073849201202393e-01
-7.782971858978271484e-02
-1.345383286476135254e+00
-4.317018985748291016e-01
-1.045813560485839844e+00
4.517913162708282471e-01
2.494404464960098267e-01
3.642302155494689941e-01
1.006508827209472656e+00
6.725441664457321167e-02
6.371870636940002441e-02
-5.270239710807800293e-01
-2.402856796979904175e-01
5.822377651929855347e-02
-5.325274914503097534e-02
-3.808613419532775879e-01
-7.231816649436950684e-02
3.766138255596160889e-01
6.059948801994323730e-01
1.716886162757873535e-01
1.661607921123504639e-01
-2.467318922281265259e-01
6.782093644142150879e-02
-3.940998613834381104e-01
-3.066253662109375000e-01
-8.292827010154724121e-01
-4.387185722589492798e-02
-4.568186998367309570e-01
-1.092977076768875122e-01
4.802653789520263672e-01
-2.825102210044860840e-01
8.946652524173259735e-03
-2.643286436796188354e-02
1.842830777168273926e-01
9.398363530635833740e-02
-1.232759952545166016e-01
-3.172379434108734131e-01
2.743344902992248535e-01
1.737155467271804810e-01
-5.427691340446472168e-01
1.499318331480026245e-01
2.343500703573226929e-01
-1.064840412139892578e+01
2.051103860139846802e-01
2.236427068710327148e-01
1.843105405569076538e-01
-2.018487006425857544e-01
-6.589986681938171387e-01
-3.797937333583831787e-01
4.852517127990722656e+00
-3.690691590309143066e-01
-4.062004089355468750e-01
-2.697271853685379028e-02
1.280975639820098877e-01
8.084267377853393555e-02
5.927491188049316406e-01
4.548477232456207275e-01
-2.221042662858963013e-02
-8.120316863059997559e-01
6.351602822542190552e-02
1.586263477802276611e-01
1.918746344745159149e-02
-1.205025315284729004e-01
1.796891540288925171e-01
1.938501000404357910e-01
-3.533748090267181396e-01
2.190018892288208008e-01
2.485923320055007935e-01
2.820141613483428955e-01
1.428057998418807983e-01
-1.851739175617694855e-02
-1.912695467472076416e-01
-2.047558724880218506e-01
1.546937078237533569e-01
4.404912889003753662e-01
2.331387549638748169e-01
2.785296142101287842e-01
3.521434217691421509e-02
-3.413042724132537842e-01
1.998732239007949829e-01
-2.220994234085083008e-01
3.921510875225067139e-01
-2.562668323516845703e-01
2.231114655733108521e-01
8.170132339000701904e-02
6.029446721076965332e-01
-6.402872800827026367e-01
4.440622627735137939e-01
6.633100658655166626e-02
-7.090633511543273926e-01
3.733713924884796143e-01
-1.455335468053817749e-01
-3.029009401798248291e-01
-2.876434326171875000e-01
2.597032189369201660e-01
-3.432543277740478516e-01
2.595270276069641113e-01
1.755878911353647709e-03
-1.893609166145324707e-01
7.411518096923828125e-01
8.375000357627868652e-01
4.145179688930511475e-01
-1.216625720262527466e-01
1.699925810098648071e-01
5.814320445060729980e-01
3.519277572631835938e-01
-3.183677047491073608e-02
-4.060727953910827637e-01
-1.669468879699707031e-01
-3.683581054210662842e-01
8.440881371498107910e-01
-1.462815999984741211e-01
-3.408593833446502686e-01
-4.749082028865814209e-01
1.240728422999382019e-01
-3.894774317741394043e-01
4.335352182388305664e-01
-2.109699547290802002e-01
-6.770234555006027222e-02
-5.534338951110839844e-01
1.797076165676116943e-01
-1.078742183744907379e-02
2.593064606189727783e-01
4.628960415720939636e-02
3.085680305957794189e-01
4.925563931465148926e-01
-5.959880352020263672e-01
3.361308574676513672e-01
1.650402069091796875e+00
4.561389982700347900e-01
3.008159697055816650e-01
-5.628093145787715912e-03
-4.574902355670928955e-03
-9.695298224687576294e-02
5.349071621894836426e-01
2.019990086555480957e-01
2.611404061317443848e-01
-4.695416241884231567e-02
-1.647149771451950073e-02
2.730503082275390625e-01
2.569690644741058350e-01
-1.020763874053955078e+00
-8.948229998350143433e-02
-3.906367123126983643e-01
-1.272178590297698975e-01
-1.299506574869155884e-01
-1.732501089572906494e-01
8.573786355555057526e-03
-3.352241218090057373e-02
-3.227357864379882812e-01
2.211710214614868164e-01
4.895387589931488037e-02
-1.216441839933395386e-01
7.924019098281860352e-01
3.754988312721252441e-01
2.540401816368103027e-01
-8.410532772541046143e-02
-1.550269662402570248e-03
-2.911148071289062500e-01
6.633801460266113281e-01
-5.180478692054748535e-01
1.870247125625610352e-01
7.730785012245178223e-02
-1.625624150037765503e-01
-7.194766998291015625e-01
1.606475561857223511e-01
-7.599068433046340942e-02
3.525075614452362061e-01
-2.530632913112640381e-01
-4.373312592506408691e-01
2.966852858662605286e-02
4.781742393970489502e-01
-2.171927392482757568e-01
-2.039321698248386383e-02
-5.436958074569702148e-01
-4.575913846492767334e-01
4.118371605873107910e-01
3.530839383602142334e-01
-2.396047674119472504e-02
1.161374822258949280e-01
-2.782950103282928467e-01
-1.465238910168409348e-02
1.179924607276916504e-01
3.761792778968811035e-01
1.907968968152999878e-01
-1.483938246965408325e-01
3.528680503368377686e-01
1.736391484737396240e-01
-4.568257629871368408e-01
-3.396176695823669434e-01
-1.991284191608428955e-01
1.656413078308105469e-01
-3.000906668603420258e-02
-1.600216180086135864e-01
2.771406434476375580e-02
6.272821426391601562e-01
-2.658447436988353729e-02
1.201692223548889160e+00
-4.253771305084228516e-01
-5.258182063698768616e-02
-2.487466298043727875e-02
-1.386200487613677979e-01
-1.306074112653732300e-01
-3.560199439525604248e-01
-9.434902071952819824e-01
-1.364709734916687012e-01
1.128921359777450562e-01
4.596624523401260376e-02
-4.737258851528167725e-01
-4.766489565372467041e-01
6.596876978874206543e-01
4.410209655761718750e-01
-2.276441305875778198e-01
-6.190127730369567871e-01
-1.288180649280548096e-01
9.431882202625274658e-02
5.249447226524353027e-01
7.479290664196014404e-02
2.781033813953399658e-01
-2.877389788627624512e-01
-1.883282065391540527e-01
6.046160310506820679e-02
-1.861128211021423340e-01
2.041024118661880493e-01
4.067346826195716858e-02
-1.065563857555389404e-01
6.149939894676208496e-01
-8.082388341426849365e-02
2.904368340969085693e-01
-6.251284480094909668e-01
-4.134368300437927246e-01
-7.027466893196105957e-01
-8.693664520978927612e-02
-4.557242989540100098e-02
-1.267538685351610184e-02
7.032995820045471191e-01
3.719267547130584717e-01
6.933133006095886230e-01
-2.139273583889007568e-01
2.672143280506134033e-01
1.684169471263885498e-01
-1.551153231412172318e-02
-1.986487060785293579e-01
9.772966802120208740e-02
5.478123202919960022e-03
-8.930904269218444824e-01
1.618134230375289917e-01
-3.863220810890197754e-01
4.390896856784820557e-01
9.596902132034301758e-02
-9.814961813390254974e-03
-3.580533713102340698e-02
-3.892060518264770508e-01
4.019100964069366455e-01
8.120271563529968262e-02
4.408881440758705139e-02
3.980776369571685791e-01
3.103495836257934570e-01
-1.090154200792312622e-01
3.546273335814476013e-03
-9.876659512519836426e-02
-7.539371401071548462e-02
5.197766423225402832e-01
3.981424570083618164e-01
7.174320518970489502e-02
2.201424986124038696e-01
3.790489137172698975e-01
-5.898485183715820312e-01
-5.630618706345558167e-02
-1.109614446759223938e-01
-1.812099963426589966e-01
1.993648409843444824e-01
2.177297770977020264e-01
5.076659843325614929e-02
3.017550706863403320e-01
-4.327310621738433838e-01
-4.148398041725158691e-01
3.382657766342163086e-01
2.309729903936386108e-02
-2.224192470312118530e-01
-2.016340941190719604e-01
3.467110544443130493e-02
-6.248572468757629395e-02
5.691894292831420898e-01
2.303583770990371704e-01
-3.128458559513092041e-01
-4.883568286895751953e-01
-3.567873835563659668e-01
8.838885463774204254e-03
-2.070455253124237061e-01
4.088675975799560547e-01
-1.219854131340980530e-02
3.489969074726104736e-01
2.878824770450592041e-01
6.482878327369689941e-01
-1.025549769401550293e+00
5.428853631019592285e-02
-3.043091297149658203e-01
-2.820003926753997803e-01
1.700507402420043945e-01
1.409835666418075562e-01
-5.043401122093200684e-01
2.904973626136779785e-01
1.199384219944477081e-02
2.215088531374931335e-02
-1.019696593284606934e+00
-1.797183752059936523e-01
-6.740259528160095215e-01
4.938519895076751709e-01
4.250767529010772705e-01
-7.482920289039611816e-01
-1.334008455276489258e+00
-2.275256216526031494e-01
7.704068422317504883e-01
1.869694143533706665e-02
-3.224676251411437988e-01
1.705644726753234863e-01
5.770809650421142578e-01
9.190227091312408447e-02
-1.611687988042831421e-01
2.463539503514766693e-02
-2.447614818811416626e-01
1.595261842012405396e-01
-7.074110507965087891e-01
-1.222032010555267334e-01
-2.363022714853286743e-01
7.263042032718658447e-02
4.604785144329071045e-02
3.112628757953643799e-01
-3.010187149047851562e-01
6.757365912199020386e-02
2.770321667194366455e-01
2.253757119178771973e-01
-1.902323216199874878e-01
-1.331441402435302734e-01
2.654696106910705566e-01
-4.240337014198303223e-01
-1.386458873748779297e-01
-4.189702272415161133e-01
1.687781214714050293e-01
-3.179311454296112061e-01
3.972060680389404297e-01
1.167142093181610107e-01
-2.842514812946319580e-01
1.258002500981092453e-02
-3.674868345260620117e-01
1.361124068498611450e-01
-3.553371429443359375e-01
3.949916660785675049e-01
-1.809233129024505615e-01
-3.791286647319793701e-01
-6.633883714675903320e-02
-5.310169458389282227e-01
-4.010448157787322998e-01
3.423633277416229248e-01
-7.748942822217941284e-02
-2.487385571002960205e-01
7.386012375354766846e-02
-3.919563889503479004e-01
-2.384552955627441406e-01
2.547510266304016113e-01
-2.663941681385040283e-01
4.021499678492546082e-02
-1.357341706752777100e-01
2.928577363491058350e-01
-5.461632609367370605e-01
-3.949183821678161621e-01
2.419221401214599609e-01
3.235344961285591125e-02
-1.761986166238784790e-01
-2.688940763473510742e-01
-2.292476892471313477e-01
-8.282753080129623413e-02
2.042888551950454712e-01
-3.293212950229644775e-01
-1.998869776725769043e-01
2.348451912403106689e-01
-2.156850248575210571e-01
-7.208492159843444824e-01
-3.714412078261375427e-02
3.903330862522125244e-01
2.557382285594940186e-01
-3.749538064002990723e-01
7.587000727653503418e-02
-5.088449120521545410e-01
-5.586589574813842773e-01
-1.326470375061035156e-01
-2.664439678192138672e-01
1.507479846477508545e-01
-3.204177618026733398e-01
-7.383200526237487793e-02
-2.096250802278518677e-01
-4.067736864089965820e-01
-2.399551719427108765e-01
-6.303843259811401367e-01
-4.619897156953811646e-02
6.769684553146362305e-01
7.210233062505722046e-02
-5.844861268997192383e-01
-6.686719506978988647e-02
-4.243547320365905762e-01
-2.743878066539764404e-01
5.268637537956237793e-01
-7.016485929489135742e-01
-5.018996596336364746e-01
-2.924640476703643799e-01
-2.887695431709289551e-01
-2.087956666946411133e-01
5.337132811546325684e-01
2.496113777160644531e-01
5.874540805816650391e-01
-4.892307817935943604e-01
-2.138127572834491730e-02
3.224656879901885986e-01
-9.456325769424438477e-01
-6.644004583358764648e-01
-2.075169235467910767e-01
-6.356240510940551758e-01
4.552353322505950928e-01
4.494701027870178223e-01
-7.914647459983825684e-02
3.378086686134338379e-01
-4.544155001640319824e-01
1.713650971651077271e-01
2.752587795257568359e-01
-9.475279599428176880e-02
-4.287782907485961914e-01
2.754181623458862305e-01
-4.986257478594779968e-02
-4.499237537384033203e-01
8.615911006927490234e-02
-1.557654291391372681e-01
6.991984248161315918e-01
-4.278935194015502930e-01
9.097649157047271729e-02
-3.533341586589813232e-01
-8.922534435987472534e-02
-2.012102156877517700e-01
-3.401978015899658203e-01
1.696609258651733398e-01
3.770037367939949036e-02
3.743517994880676270e-01
2.778306603431701660e-01
6.537175178527832031e-02
2.160717546939849854e-01
-5.360077135264873505e-03
-2.708242274820804596e-02
1.322716474533081055e-01
2.147706411778926849e-02
-5.881443619728088379e-01
3.642557263374328613e-01
3.412319123744964600e-01
-2.326351851224899292e-01
2.003866881132125854e-01
2.626284770667552948e-02
1.395630836486816406e-01
-6.153219342231750488e-01
-8.037216961383819580e-02
2.699273526668548584e-01
-3.414012491703033447e-01
-2.104551792144775391e-01
-3.411233127117156982e-01
-2.335018068552017212e-01
2.422258108854293823e-01
6.230520457029342651e-02
4.290887415409088135e-01
-5.268503725528717041e-02
3.060225583612918854e-02
-4.293409287929534912e-01
-1.059217080473899841e-01
3.434546589851379395e-01
1.921834051609039307e-01
6.872978061437606812e-02
-9.793117046356201172e-01
-5.474722385406494141e-01
-5.277100801467895508e-01
-2.055797576904296875e-01
-3.118902742862701416e-01
1.712507009506225586e-01
-2.510615885257720947e-01
2.349274903535842896e-01
-5.179691314697265625e-02
2.991768419742584229e-01
-4.765778183937072754e-01
1.550205051898956299e-01
-2.124020904302597046e-01
-2.213641703128814697e-01
-2.286485731601715088e-01
-2.087267190217971802e-01
1.885824799537658691e-01
1.973171234130859375e-01
-1.726860105991363525e-01
3.568329513072967529e-01
9.879484027624130249e-02
-2.327324599027633667e-01
-3.043138086795806885e-01
-1.176502779126167297e-01
-3.113428950309753418e-01
2.423262596130371094e-01
8.293592184782028198e-02
-1.539047211408615112e-01
3.327071294188499451e-02
-2.770361900329589844e-01
1.716486215591430664e-01
1.707461178302764893e-01
-2.232626974582672119e-01
6.201159954071044922e-02
1.779128909111022949e-01
-3.772249519824981689e-01
-3.835967779159545898e-01
1.305104792118072510e-01
-8.307308703660964966e-02
-1.641349866986274719e-02
8.385785222053527832e-01
-3.881133794784545898e-01
2.027311921119689941e-01
2.508735358715057373e-01
6.776841282844543457e-01
1.796496659517288208e-01
-2.043621391057968140e-01
-1.181858684867620468e-02
3.772565424442291260e-01
2.087423950433731079e-01
7.652955055236816406e-01
-3.832649886608123779e-01
-2.758456170558929443e-01
-3.886741697788238525e-01
8.245577663183212280e-02
4.334836900234222412e-01
-4.437106847763061523e-02
1.439224928617477417e-01
-4.542659819126129150e-01
-9.128654748201370239e-02
-1.443348675966262817e-01
-1.871053725481033325e-01
1.073964238166809082e-01
2.287369519472122192e-01
1.631450057029724121e-01
-2.627541124820709229e-01
2.630734443664550781e-01
-5.119184255599975586e-01
2.424217760562896729e-01
-1.429376304149627686e-01
-2.338199913501739502e-01
-4.130130410194396973e-01
-1.650745123624801636e-01
2.482450246810913086e+00
-3.222642838954925537e-01
-3.008471727371215820e-01
1.927774548530578613e-01
-1.516836732625961304e-01
-1.294120550155639648e-01
-2.132836282253265381e-01
2.562749385833740234e-01
5.395167469978332520e-01
1.224758476018905640e-01
-6.042242050170898438e-01
4.114649295806884766e-01
1.041582599282264709e-01
-5.470313131809234619e-02
1.965961009263992310e-01
-3.432090282440185547e-01
-5.326637625694274902e-02
7.155925035476684570e-01
3.098559379577636719e-01
8.075028657913208008e-02
1.184123978018760681e-01
-2.591175585985183716e-02
-6.824671626091003418e-01
-6.240566372871398926e-01
2.266308479011058807e-02
-1.984178274869918823e-01
-2.405233681201934814e-01
2.813413273543119431e-03
1.347025483846664429e-01
-6.780478954315185547e-01
-2.999608516693115234e-01
1.600411720573902130e-02
1.265782266855239868e-01
3.269206285476684570e-01
-2.792929410934448242e-01
2.335444390773773193e-01
-2.347975969314575195e-02
