-6.656191945075988770e-01
-8.237291574478149414e-01
-7.899262309074401855e-01
-3.876544535160064697e-01
2.815894484519958496e-01
6.710623949766159058e-02
-2.613521814346313477e-01
4.772023558616638184e-01
7.639558911323547363e-01
-5.247155427932739258e-01
6.273426413536071777e-01
-3.685656189918518066e-01
-8.497481346130371094e-01
-5.360550880432128906e-01
-5.595586821436882019e-02
2.907192707061767578e-01
5.050297379493713379e-01
7.766670733690261841e-02
-4.519717693328857422e-01
1.438265107572078705e-02
7.310516238212585449e-01
-6.896384954452514648e-01
-1.312795519828796387e+00
6.237505674362182617e-01
1.525924682617187500e+00
4.628156423568725586e-01
7.692318409681320190e-02
-5.477368831634521484e-01
1.138120174407958984e+00
4.650036096572875977e-01
4.626102447509765625e-01
3.003344237804412842e-01
3.638675510883331299e-01
-5.914177894592285156e-01
-7.403737306594848633e-02
4.923883676528930664e-01
-1.060366630554199219e+00
4.457741603255271912e-02
6.730613708496093750e-01
-2.167720347642898560e-01
3.508648574352264404e-01
2.837767824530601501e-03
2.138806879520416260e-01
2.951032817363739014e-01
1.826563328504562378e-01
-1.593282520771026611e-01
-2.203994989395141602e-01
-3.618350923061370850e-01
3.582350909709930420e-01
2.888221144676208496e-01
-2.155078351497650146e-01
1.301346421241760254e-01
2.543945908546447754e-01
1.203468069434165955e-01
-1.599773615598678589e-01
-7.660775184631347656e-01
7.666470110416412354e-02
5.143125355243682861e-02
1.332961320877075195e-01
2.630574703216552734e-01
1.753618717193603516e-01
3.216835260391235352e-01
-4.820496439933776855e-01
4.993344247341156006e-01
-9.284847974777221680e-02
3.037376403808593750e-01
-2.109547108411788940e-01
3.914905488491058350e-01
5.193629264831542969e-01
1.214755475521087646e-01
1.064630150794982910e+00
-3.286386430263519287e-01
-6.425108313560485840e-01
4.011416342109441757e-03
1.126947283744812012e+00
1.847625970840454102e-01
-2.756842374801635742e-01
2.111136317253112793e-01
7.820317149162292480e-01
-9.864028096199035645e-01
-2.416465878486633301e-01
-3.617635071277618408e-01
5.613473653793334961e-01
3.544784486293792725e-01
7.480140328407287598e-01
-2.641669213771820068e-01
2.426659613847732544e-01
-4.746516346931457520e-01
3.548835813999176025e-01
-8.830350637435913086e-01
-1.556415438652038574e+00
7.158691883087158203e-01
2.586696110665798187e-02
-6.711841374635696411e-02
-5.798181146383285522e-02
-2.932688593864440918e-01
-6.227442026138305664e-01
3.471073508262634277e-02
3.760902211070060730e-02
6.350753307342529297e-01
4.869779571890830994e-02
1.157246947288513184e+00
5.067254900932312012e-01
-2.433781921863555908e-01
1.557198017835617065e-01
-3.034994304180145264e-01
-8.427584767341613770e-01
6.511008143424987793e-01
7.544664740562438965e-01
-2.515287697315216064e-01
-1.333715081214904785e+00
4.260478913784027100e-01
-3.302622437477111816e-01
-3.444303274154663086e-01
-3.049299120903015137e-01
1.237711757421493530e-01
1.545280069112777710e-01
8.566686883568763733e-03
2.270179241895675659e-01
-6.866708397865295410e-02
5.583996772766113281e-01
5.553667545318603516e-01
-7.451152801513671875e-01
3.831239640712738037e-01
-8.796668648719787598e-01
1.402453422546386719e+00
-3.204197883605957031e-01
-1.255909502506256104e-01
1.674066185951232910e+00
-5.489647984504699707e-01
4.009424149990081787e-01
4.815956056118011475e-01
8.478239178657531738e-03
-4.022619724273681641e-01
5.569980740547180176e-01
1.045636415481567383e+00
-9.279230237007141113e-01
-5.466408729553222656e-01
-9.271525144577026367e-01
4.006966352462768555e-01
-1.780282258987426758e-01
-8.541615009307861328e-01
-7.518919110298156738e-01
5.144115090370178223e-01
-5.208803415298461914e-01
3.606005012989044189e-01
8.740384131669998169e-02
-2.261024713516235352e-01
-6.079244017601013184e-01
-2.250803858041763306e-01
4.293166846036911011e-02
5.513994097709655762e-01
3.424738049507141113e-01
2.726388573646545410e-01
-2.109447717666625977e-01
-3.828295171260833740e-01
3.056137561798095703e-01
2.252287417650222778e-01
-1.293486505746841431e-01
-2.244729995727539062e-01
2.208253443241119385e-01
-5.838826894760131836e-01
4.302227020263671875e+00
-4.034204185009002686e-01
-5.283940434455871582e-01
3.296997249126434326e-01
-1.198769640177488327e-02
6.229484081268310547e-01
3.805124759674072266e-01
-1.378294080495834351e-01
-6.687176227569580078e-01
5.061325430870056152e-01
-3.902708590030670166e-01
9.855840802192687988e-01
2.041634917259216309e-02
-1.114820837974548340e-01
1.580135971307754517e-01
-2.980419695377349854e-01
-2.129621803760528564e-01
-4.041177034378051758e-01
1.079687848687171936e-01
-8.190865628421306610e-03
-4.591003656387329102e-01
3.510833084583282471e-01
-3.078008592128753662e-01
-1.856388002634048462e-01
-1.136158108711242676e-01
-2.551225662231445312e+00
-4.631537497043609619e-01
-8.492695689201354980e-01
3.867754340171813965e-01
3.856328725814819336e-01
2.895695865154266357e-01
7.791825532913208008e-01
2.639054656028747559e-01
1.436644345521926880e-01
-9.299569129943847656e-01
-3.186223506927490234e-01
3.594203293323516846e-01
5.732399597764015198e-02
-6.938169598579406738e-01
-2.629250586032867432e-01
4.132560491561889648e-01
4.884252548217773438e-01
-1.710445433855056763e-01
7.224255800247192383e-02
-1.768953800201416016e-01
1.766641736030578613e-01
-7.714073061943054199e-01
-1.518819332122802734e+00
-8.431267738342285156e-01
4.473445415496826172e-01
1.084704995155334473e+00
-7.546944022178649902e-01
5.873517394065856934e-01
-9.351995587348937988e-01
3.102642893791198730e-01
1.599475294351577759e-01
4.070980846881866455e-01
1.619248241186141968e-01
-2.422059476375579834e-01
-9.376431815326213837e-03
2.930048108100891113e-01
3.375810980796813965e-01
-7.449728250503540039e-01
1.638878136873245239e-01
2.024020403623580933e-01
-7.929846286773681641e+00
8.620499633252620697e-03
-3.029581308364868164e-01
1.837713271379470825e-01
-1.840997189283370972e-01
-7.058784961700439453e-01
-2.831683158874511719e-01
5.051508903503417969e+00
-3.747996389865875244e-01
-3.035180568695068359e-01
-1.604720801115036011e-01
2.694805860519409180e-01
1.788280159235000610e-01
5.474356412887573242e-01
1.457254737615585327e-01
1.588745117187500000e-01
-5.259726643562316895e-01
-5.252204090356826782e-02
8.256804198026657104e-02
-1.018658429384231567e-01
4.685046076774597168e-01
6.899470090866088867e-01
-3.114966452121734619e-01
-4.558051228523254395e-01
6.030572056770324707e-01
2.698784135282039642e-02
1.681451082229614258e+00
7.194563001394271851e-02
5.928969979286193848e-01
-3.111227452754974365e-01
-8.960788846015930176e-01
-2.661660313606262207e-03
5.100982189178466797e-01
4.583162069320678711e-01
6.498263776302337646e-02
-4.580149054527282715e-02
2.673679962754249573e-02
3.048082292079925537e-01
-4.820522367954254150e-01
3.072596192359924316e-01
-1.763959527015686035e-01
1.590258926153182983e-01
3.058155477046966553e-01
7.341068387031555176e-01
-6.038761734962463379e-01
8.117359876632690430e-01
1.478713750839233398e-01
-6.497998237609863281e-01
2.792867720127105713e-01
-2.985118925571441650e-01
-7.364342212677001953e-01
-4.552641510963439941e-01
1.103158742189407349e-01
-8.298445343971252441e-01
-7.853523828089237213e-03
9.123803675174713135e-02
-3.231357336044311523e-01
5.089102387428283691e-01
8.575730323791503906e-01
2.266605496406555176e-01
-3.286584615707397461e-01
-6.723819375038146973e-01
5.925082564353942871e-01
3.122046589851379395e-01
3.602498443797230721e-03
-5.928221344947814941e-01
-1.664295047521591187e-01
-7.802329063415527344e-01
8.419033885002136230e-01
4.200747609138488770e-01
-9.906293749809265137e-01
-5.652987211942672729e-02
3.532952964305877686e-01
-9.293258190155029297e-01
1.533463239669799805e+00
-3.486244976520538330e-01
-1.868116259574890137e-01
1.156810402870178223e+00
2.614282667636871338e-01
-1.382865160703659058e-01
-5.109390616416931152e-01
-1.124450042843818665e-01
-3.598977252840995789e-02
7.641466856002807617e-01
-1.480010628700256348e+00
8.735317587852478027e-01
2.858766317367553711e+00
5.797389745712280273e-01
5.673444867134094238e-01
7.641512900590896606e-02
1.498646438121795654e-01
5.619832128286361694e-02
5.475204586982727051e-01
1.660576909780502319e-01
2.576047480106353760e-01
-1.562619209289550781e-01
7.370723783969879150e-02
-2.857975661754608154e-02
3.584518432617187500e-01
-1.029118299484252930e+00
1.121540814638137817e-01
-3.228671550750732422e-01
-2.771632671356201172e-01
-1.695836149156093597e-02
-3.454858362674713135e-01
1.510835289955139160e-01
-4.324113577604293823e-02
-4.564716815948486328e-01
1.967004090547561646e-01
5.299429893493652344e-01
-3.874289244413375854e-02
1.127550125122070312e+00
3.893070816993713379e-01
3.906881213188171387e-01
-3.671691417694091797e-01
-5.301526784896850586e-01
-1.034624949097633362e-01
3.367307186126708984e-01
7.575900852680206299e-02
-8.517730981111526489e-02
-5.059917271137237549e-02
-3.003907799720764160e-01
-9.819447398185729980e-01
7.450708150863647461e-01
1.488714069128036499e-01
-7.962997257709503174e-02
-9.820628166198730469e-01
-9.177848696708679199e-01
1.118299007415771484e+00
1.488468408584594727e+00
-4.296058714389801025e-01
-2.661744318902492523e-02
-7.333419919013977051e-01
-4.089435935020446777e-01
2.206167727708816528e-01
1.835847347974777222e-01
-8.326999843120574951e-02
-3.042831122875213623e-01
-1.473255157470703125e-01
-2.877086997032165527e-01
1.146769672632217407e-01
6.865353584289550781e-01
-4.694148600101470947e-01
-4.343022406101226807e-01
6.258609890937805176e-01
-6.518881767988204956e-02
-7.317070364952087402e-01
-4.285701811313629150e-01
-7.970138639211654663e-02
-9.632562398910522461e-01
-6.730720400810241699e-02
-1.236278772354125977e+00
3.023507073521614075e-02
1.878142714500427246e+00
5.084835737943649292e-02
1.785451173782348633e+00
-6.521913409233093262e-01
-1.486686170101165771e-01
-4.237878322601318359e-02
-1.947560012340545654e-01
-5.037890672683715820e-01
-8.556898236274719238e-01
-4.793811738491058350e-01
1.317766159772872925e-01
-2.042922228574752808e-01
2.067575007677078247e-01
7.043287158012390137e-01
-5.977314114570617676e-01
7.310582399368286133e-01
3.180752992630004883e-01
-2.386980503797531128e-01
-8.743330240249633789e-01
-2.651772499084472656e-01
1.724653542041778564e-01
7.945609092712402344e-01
-1.870418637990951538e-01
2.224590927362442017e-01
-2.823319137096405029e-01
-1.345816850662231445e-01
-7.269170135259628296e-02
-2.459501475095748901e-01
2.442540675401687622e-01
6.277484297752380371e-01
-2.775887846946716309e-01
7.084660530090332031e-01
-2.814857363700866699e-01
-1.284700632095336914e-01
-5.973657965660095215e-01
-6.915028095245361328e-01
-9.649004936218261719e-01
-1.278495602309703827e-02
9.154404699802398682e-02
-7.941105365753173828e-01
7.623438835144042969e-01
2.912844121456146240e-01
3.250986039638519287e-01
-1.415167331695556641e+00
2.013392150402069092e-01
7.571900635957717896e-02
-1.565313339233398438e-01
5.484530329704284668e-02
-4.465877711772918701e-01
-2.293757200241088867e-01
-1.678512215614318848e+00
4.707687199115753174e-01
2.944070398807525635e-01
5.774126648902893066e-01
1.302053332328796387e-01
-1.168313175439834595e-01
2.325205504894256592e-01
-7.790735960006713867e-01
7.653900384902954102e-01
-1.400964707136154175e-02
1.321316957473754883e-01
6.678062081336975098e-01
1.409888118505477905e-01
-1.508837491273880005e-01
-7.566262036561965942e-02
4.605820178985595703e-01
-1.520533263683319092e-01
6.480969190597534180e-01
1.745818555355072021e-01
1.413354873657226562e-01
5.899847745895385742e-01
1.791015267372131348e+00
-5.008018612861633301e-01
-5.272240042686462402e-01
3.496912866830825806e-02
-2.166089564561843872e-01
3.757039010524749756e-01
3.316240906715393066e-01
-9.699042886495590210e-02
-4.262516540620708838e-06
-3.239746987819671631e-01
-3.115687072277069092e-01
2.702064812183380127e-02
-3.888306766748428345e-02
2.615688741207122803e-01
4.102243483066558838e-01
2.080792039632797241e-01
-2.757652401924133301e-01
1.175520181655883789e+00
6.187747046351432800e-02
-2.906414270401000977e-01
-4.231977462768554688e-01
-5.134817361831665039e-01
-1.192733645439147949e-01
-1.474433690309524536e-01
2.334080040454864502e-01
-9.353602677583694458e-02
-6.955259293317794800e-02
6.105148196220397949e-01
7.443861365318298340e-01
-5.629779100418090820e-01
3.010456264019012451e-01
-1.386969983577728271e-01
-4.311641752719879150e-01
4.153715074062347412e-01
1.347853839397430420e-01
-5.658185482025146484e-01
1.350906342267990112e-01
-5.637559294700622559e-01
-8.228196948766708374e-02
-7.367259860038757324e-01
-1.832313090562820435e-01
-9.662877321243286133e-01
7.012184262275695801e-01
7.228438258171081543e-01
-9.697861671447753906e-01
-1.754000067710876465e+00
2.070851176977157593e-01
1.765080243349075317e-01
-1.331311166286468506e-01
-7.296566367149353027e-01
5.551147460937500000e-01
5.492959022521972656e-01
-4.561171233654022217e-01
-4.381020665168762207e-01
-1.266430616378784180e-01
-2.911626398563385010e-01
6.659951806068420410e-01
-8.890564441680908203e-01
-5.489958077669143677e-02
-3.847695887088775635e-01
-4.198524057865142822e-01
-2.940845191478729248e-01
1.598440408706665039e-01
-3.912839591503143311e-01
1.000509262084960938e-01
2.324568778276443481e-01
2.580937184393405914e-02
-9.714183211326599121e-02
3.087430261075496674e-02
7.206202745437622070e-01
-5.110544562339782715e-01
-3.467781543731689453e-01
-2.453413456678390503e-01
-7.497518509626388550e-02
-4.897570312023162842e-01
5.455760359764099121e-01
9.890756756067276001e-02
-1.048187315464019775e-01
-7.788236439228057861e-02
-3.090043365955352783e-01
2.462447881698608398e-01
-1.366806179285049438e-01
5.484032034873962402e-01
-2.680532932281494141e-01
-4.595648050308227539e-01
1.967312395572662354e-02
-6.925322413444519043e-01
-3.598609864711761475e-01
4.872466623783111572e-01
-1.905326992273330688e-01
-2.231084108352661133e-01
-1.299028754234313965e+00
-8.469660580158233643e-02
-3.889657557010650635e-01
7.788401246070861816e-01
-2.453816384077072144e-01
1.449218839406967163e-01
-2.345469892024993896e-01
4.596413671970367432e-01
-7.028186917304992676e-01
-7.813149690628051758e-01
3.909309208393096924e-01
1.261419355869293213e-01
3.464313745498657227e-01
-3.389378786087036133e-01
-3.123872578144073486e-01
-4.139972925186157227e-01
5.516883134841918945e-01
-1.339554786682128906e+00
-4.016638696193695068e-01
-7.738757133483886719e-02
-3.761067688465118408e-01
-1.409716129302978516e+00
-1.452567130327224731e-01
6.530063152313232422e-01
9.729535877704620361e-02
-1.415838450193405151e-01
3.208070993423461914e-01
-6.025652289390563965e-01
-4.304019510746002197e-01
1.213156059384346008e-01
-5.473210215568542480e-01
3.212290108203887939e-01
-5.850360989570617676e-01
1.021787077188491821e-01
6.925121694803237915e-02
-3.729062378406524658e-01
-4.292548894882202148e-01
-3.454051911830902100e-01
3.101260662078857422e-01
7.315187454223632812e-01
-4.342259094119071960e-02
-8.258591294288635254e-01
-1.340880393981933594e-01
-4.027579724788665771e-01
-1.247660517692565918e-01
2.525560855865478516e-01
-6.279069781303405762e-01
-4.864214956760406494e-01
-5.034931898117065430e-01
-3.780447244644165039e-01
2.099835872650146484e-01
1.972204446792602539e-01
1.227014899253845215e+00
4.804487824440002441e-01
-6.559793651103973389e-02
-7.118590641766786575e-03
5.991185903549194336e-01
-1.642139673233032227e+00
-6.977405548095703125e-01
-4.566478133201599121e-01
-3.219885826110839844e-01
2.615123689174652100e-01
1.966208219528198242e-01
-2.683821320533752441e-01
7.601424306631088257e-02
-6.422203183174133301e-01
2.570629715919494629e-01
1.839526593685150146e-01
-1.907064616680145264e-01
-5.328506827354431152e-01
5.701421946287155151e-02
-3.681625053286552429e-02
-8.563556671142578125e-01
1.359677761793136597e-01
1.794125884771347046e-01
5.706543326377868652e-01
-6.418375968933105469e-01
4.359681904315948486e-01
-2.783822417259216309e-01
2.790003716945648193e-01
-3.647446930408477783e-01
-3.523631095886230469e-01
2.503182291984558105e-01
4.921526014804840088e-01
3.228193521499633789e-01
4.101624786853790283e-01
6.286001205444335938e-02
5.563870072364807129e-02
3.354204818606376648e-02
-3.182453215122222900e-01
5.002799630165100098e-01
2.304930388927459717e-01
-4.317235052585601807e-01
3.776296675205230713e-01
3.423502147197723389e-01
4.801066219806671143e-02
1.914115548133850098e-01
1.042681336402893066e-01
-8.965038508176803589e-02
-9.219116568565368652e-01
-9.202352724969387054e-03
6.605222821235656738e-01
-5.062300562858581543e-01
-3.178707957267761230e-01
-7.069410085678100586e-01
-3.101152777671813965e-01
5.266918540000915527e-01
3.625674173235893250e-02
3.079496324062347412e-01
6.116484850645065308e-02
2.395904511213302612e-01
-8.588574081659317017e-02
-4.760700166225433350e-01
6.598534435033798218e-02
1.717874556779861450e-01
4.010004401206970215e-01
-1.651992678642272949e+00
-1.324225425720214844e+00
-5.995373725891113281e-01
-1.349712610244750977e-01
-2.616406381130218506e-01
2.929790914058685303e-01
-4.609112441539764404e-01
-1.033941400237381458e-03
-5.491948127746582031e-01
4.242713451385498047e-01
-4.455915689468383789e-01
2.271251231431961060e-01
-1.207463145256042480e+00
-1.894915401935577393e-01
-2.516138553619384766e-01
-1.317823767662048340e+00
5.667560696601867676e-01
6.437114477157592773e-01
3.478586077690124512e-01
1.091441273689270020e+00
-5.631632804870605469e-01
5.446674302220344543e-02
1.268117874860763550e-01
-3.827144205570220947e-01
-3.492285907268524170e-01
5.036452412605285645e-01
-1.365045607089996338e-01
-1.754705905914306641e-01
-1.978991553187370300e-02
-3.696977198123931885e-01
5.538424849510192871e-02
2.306390553712844849e-01
-1.247315555810928345e-01
2.795797958970069885e-02
-8.185715079307556152e-01
-5.148412585258483887e-01
2.345238924026489258e-01
2.405643910169601440e-01
2.404480278491973877e-01
-1.989659667015075684e-01
8.552108407020568848e-01
-3.938564062118530273e-01
1.247759014368057251e-01
-1.348581671714782715e+00
1.241886496543884277e+00
5.163439512252807617e-01
-4.589962661266326904e-01
-1.667843610048294067e-01
2.480829656124114990e-01
-2.915631234645843506e-01
8.706555366516113281e-01
-1.567468196153640747e-01
1.243445724248886108e-01
-6.379430294036865234e-01
2.411890029907226562e-01
5.638139247894287109e-01
4.465266764163970947e-01
2.941741049289703369e-01
-1.741248816251754761e-01
2.878172993659973145e-01
-1.363190561532974243e-01
-1.357476860284805298e-01
3.115084469318389893e-01
5.825393795967102051e-01
2.533932924270629883e-01
-3.781299889087677002e-01
3.767598792910575867e-02
-6.889754533767700195e-01
-4.508993402123451233e-02
-7.059607654809951782e-02
-3.135349452495574951e-01
-1.409565061330795288e-01
-5.361048877239227295e-02
2.814931154251098633e+00
-3.171550333499908447e-01
-4.121749401092529297e-01
-4.302512854337692261e-02
-1.280384808778762817e-01
1.869537383317947388e-01
1.373306512832641602e-01
5.851320624351501465e-01
6.294601559638977051e-01
-1.540357321500778198e-01
-6.104957461357116699e-01
3.395734727382659912e-01
1.242293834686279297e+00
-3.138067722320556641e-01
1.024646982550621033e-01
-1.203188776969909668e+00
5.457145571708679199e-01
1.597157359123229980e+00
1.905471384525299072e-01
5.270419642329216003e-02
-9.339315444231033325e-02
-2.019715756177902222e-01
-5.512351989746093750e-01
-6.483063101768493652e-01
2.673093974590301514e-01
-2.816641032695770264e-01
-3.661389350891113281e-01
3.559112548828125000e-02
-1.494798064231872559e-01
-1.361773490905761719e+00
1.837318092584609985e-01
-3.971445560455322266e-01
2.909677624702453613e-01
6.466061472892761230e-01
-1.397311687469482422e-01
2.156446129083633423e-01
-3.972288593649864197e-02
