-1.112537980079650879e+00
-4.398851990699768066e-01
-4.432691633701324463e-01
1.513012498617172241e-01
1.296696215867996216e-01
-7.774345874786376953e-01
-3.151592910289764404e-01
8.308047056198120117e-01
1.368771046400070190e-01
4.945699125528335571e-02
-7.794862240552902222e-02
-1.813845783472061157e-01
-8.352043032646179199e-01
-1.863891445100307465e-02
-3.050080835819244385e-01
-8.214428424835205078e-01
8.904682844877243042e-02
-3.053876012563705444e-02
-1.315414905548095703e-03
-5.587192177772521973e-01
1.440721005201339722e-01
-5.317701697349548340e-01
-1.880503073334693909e-02
-5.823349356651306152e-01
-3.994203507900238037e-01
-4.946102201938629150e-01
-6.884475350379943848e-01
-4.411392807960510254e-01
1.266408801078796387e+00
9.245772361755371094e-01
9.099825024604797363e-01
2.973829209804534912e-01
1.272617578506469727e-01
2.151250839233398438e-01
1.929212808609008789e-01
1.886201351881027222e-01
2.160539627075195312e-01
1.027543783187866211e+00
3.009968996047973633e-01
-6.281873583793640137e-01
3.178143501281738281e-01
4.351046681404113770e-01
4.704758524894714355e-01
-1.820810139179229736e-01
3.042816221714019775e-01
-1.000333428382873535e+00
5.936916470527648926e-01
1.224205344915390015e-01
1.057184457778930664e+00
6.931276321411132812e-01
-8.869605660438537598e-01
6.604303121566772461e-01
9.704022407531738281e-01
4.900621175765991211e-01
-4.303345382213592529e-01
4.721324890851974487e-02
2.592473030090332031e-01
-2.400773763656616211e-01
-6.129622459411621094e-01
-5.491545796394348145e-01
1.695683896541595459e-01
5.189255475997924805e-01
-5.440742969512939453e-01
4.968281388282775879e-01
-3.452826738357543945e-01
7.498035430908203125e-01
1.637183874845504761e-01
-9.153388142585754395e-01
-6.534255146980285645e-01
-6.236743927001953125e-01
4.732309840619564056e-03
-4.700128138065338135e-01
1.259852107614278793e-02
5.599493980407714844e-01
8.583919405937194824e-01
5.574749112129211426e-01
1.707120984792709351e-01
6.728299856185913086e-01
1.334599375724792480e+00
4.183487594127655029e-01
-2.534953653812408447e-01
-7.009285688400268555e-01
-1.095892906188964844e+00
5.830833688378334045e-02
8.364227414131164551e-01
-2.966998219490051270e-01
-4.825837016105651855e-01
-2.790074050426483154e-01
1.495935469865798950e-01
-1.528315067291259766e+00
5.841230154037475586e-01
8.411473035812377930e-02
9.862588644027709961e-01
1.014041230082511902e-01
3.925791680812835693e-01
-9.264997243881225586e-01
1.427680701017379761e-01
-6.161721944808959961e-01
3.504983186721801758e-01
1.057095050811767578e+00
6.642593443393707275e-02
1.235639214515686035e+00
5.736015439033508301e-01
1.764706894755363464e-02
3.812848031520843506e-01
3.630391955375671387e-01
3.172552585601806641e-01
1.878483414649963379e+00
-1.435391306877136230e-01
2.750787734985351562e-01
-4.346211552619934082e-01
5.551530122756958008e-01
-2.556559443473815918e-01
5.837133526802062988e-01
2.860808074474334717e-01
5.421268343925476074e-01
2.873999774456024170e-01
-3.597997128963470459e-01
-5.709286928176879883e-01
-4.393420517444610596e-01
9.944032430648803711e-01
-4.104477465152740479e-01
-6.281502842903137207e-01
1.453741788864135742e-01
-1.001450777053833008e+00
1.146964073181152344e+00
-4.529036581516265869e-01
-8.164735436439514160e-01
-7.623980194330215454e-02
-2.164745777845382690e-01
2.530615031719207764e-02
-7.260953187942504883e-01
-2.670122087001800537e-01
-1.765809506177902222e-01
3.838396370410919189e-01
5.033949762582778931e-02
-7.963830828666687012e-01
1.299668699502944946e-01
-5.801324844360351562e-01
-9.780113697052001953e-01
4.682370126247406006e-01
-1.058395057916641235e-01
3.523350879549980164e-02
2.032871544361114502e-01
1.867855936288833618e-01
4.221269190311431885e-01
1.138173699378967285e+00
-6.158968806266784668e-01
-3.772110044956207275e-01
-6.459083557128906250e-01
2.054112255573272705e-01
2.262751162052154541e-01
-4.530649781227111816e-01
9.635000824928283691e-01
-1.649010777473449707e+00
1.397596448659896851e-01
3.019192516803741455e-01
-3.703869581222534180e-01
1.634585410356521606e-01
-8.121777772903442383e-01
2.864615917205810547e-01
-1.267157644033432007e-01
2.514509916305541992e+00
-2.416671752929687500e+00
-3.642795085906982422e-01
-6.648205220699310303e-02
-3.126964569091796875e-01
8.467561006546020508e-02
2.809216082096099854e-01
6.422674059867858887e-01
1.145212501287460327e-01
7.021738290786743164e-01
-3.352557122707366943e-01
-4.675942063331604004e-01
-1.553113222122192383e+00
-9.453955292701721191e-01
-6.976038217544555664e-03
2.881480157375335693e-01
5.401865839958190918e-01
-2.822188436985015869e-01
-7.803649902343750000e-01
3.398174941539764404e-01
-4.943717122077941895e-01
-1.308117508888244629e-01
1.552743911743164062e-01
-3.461091816425323486e-01
-3.498886823654174805e-01
-2.581029891967773438e+00
-4.708075225353240967e-01
-4.152457118034362793e-01
5.620241761207580566e-01
6.862859725952148438e-01
7.249566316604614258e-01
1.386265397071838379e+00
-4.366738200187683105e-01
-1.523074656724929810e-01
1.451161354780197144e-01
-1.329339444637298584e-01
2.881430387496948242e-01
1.723341047763824463e-01
-4.501101374626159668e-01
-9.720375537872314453e-01
9.224599599838256836e-01
-3.348819911479949951e-02
5.657435059547424316e-01
6.958717107772827148e-01
-2.128623612225055695e-02
-1.274589419364929199e+00
-8.442009091377258301e-01
-1.276749491691589355e+00
-6.657283902168273926e-01
-1.448160767555236816e+00
3.409286439418792725e-01
-4.760740697383880615e-01
5.485959649085998535e-01
-4.389277994632720947e-01
-5.071919411420822144e-02
-5.308641195297241211e-01
-1.439463347196578979e-01
2.064975500106811523e-01
-4.519811570644378662e-01
1.124899983406066895e-01
4.445679187774658203e-01
-2.427367120981216431e-01
-3.284878730773925781e-01
-6.927156448364257812e-01
1.264764428138732910e+00
-2.066637516021728516e+00
4.141669869422912598e-01
1.328229457139968872e-01
2.534166574478149414e-01
-2.816718220710754395e-01
-2.497393935918807983e-01
-7.810131907463073730e-01
6.441198825836181641e+00
-5.306704044342041016e-01
-8.045337796211242676e-01
-8.139908313751220703e-01
1.099920630455017090e+00
-8.670307993888854980e-01
9.614005088806152344e-01
-4.329646378755569458e-02
6.204336285591125488e-01
-8.013178110122680664e-01
3.648868501186370850e-01
8.081771731376647949e-01
3.046761453151702881e-01
2.948819398880004883e-01
1.229454278945922852e+00
-7.409003376960754395e-01
-3.766871988773345947e-01
8.762507438659667969e-01
-5.391769409179687500e-01
-1.699851453304290771e-01
5.897752642631530762e-01
-4.748392850160598755e-02
-5.498535633087158203e-01
-3.809496164321899414e-01
1.061831042170524597e-01
1.426070481538772583e-01
1.174293309450149536e-01
-1.410022377967834473e-01
-1.598187834024429321e-01
3.224129378795623779e-01
1.108604907989501953e+00
-7.483263015747070312e-01
8.839593082666397095e-02
-1.959402346983551979e-03
5.876912474632263184e-01
6.665892601013183594e-01
1.386544257402420044e-01
-1.296391725540161133e+00
-7.305020838975906372e-02
3.237586021423339844e-01
-1.506417155265808105e+00
1.873565912246704102e+00
-7.259982824325561523e-01
2.522429525852203369e-01
-3.711710274219512939e-01
8.386638164520263672e-01
-2.056111395359039307e-01
-8.680553874000906944e-04
3.100464344024658203e-01
-1.189557075500488281e+00
8.757586479187011719e-01
1.070633158087730408e-01
2.774913907051086426e-01
1.752575337886810303e-01
-3.384128510951995850e-01
1.828539818525314331e-01
2.608166635036468506e-01
1.631414443254470825e-01
-1.169059157371520996e+00
-3.813185263425111771e-03
5.115962624549865723e-01
1.218434214591979980e+00
1.912938654422760010e-01
-1.510272473096847534e-01
-3.532815575599670410e-01
-3.674008250236511230e-01
2.954251766204833984e-01
9.896197319030761719e-01
-1.229038953781127930e+00
8.961312472820281982e-03
2.097338140010833740e-01
1.212616637349128723e-02
9.750434756278991699e-01
-2.709775865077972412e-01
2.624591588973999023e-01
2.728680670261383057e-01
-9.477264434099197388e-02
-1.358711272478103638e-01
6.074633002281188965e-01
-3.799301087856292725e-01
-1.408497244119644165e-01
7.904660105705261230e-01
2.762431502342224121e-01
-1.371494829654693604e-01
2.429811358451843262e-01
6.641479134559631348e-01
3.332236707210540771e-01
6.932405382394790649e-02
-1.364657133817672729e-01
-1.239019989967346191e+00
-2.609512805938720703e-01
2.441720515489578247e-01
-1.310717821121215820e+00
-1.221621513366699219e+00
-1.010475516319274902e+00
-1.457711458206176758e+00
-3.636357188224792480e-01
-7.638939619064331055e-01
1.622343063354492188e-01
2.662016451358795166e-01
-5.820982456207275391e-01
1.071887135505676270e+00
-4.899264276027679443e-01
-3.694441914558410645e-01
1.598036170005798340e+00
-4.957059621810913086e-01
9.609332308173179626e-03
-4.923502802848815918e-01
2.284035645425319672e-02
-9.619235992431640625e-01
9.296087175607681274e-02
3.182958364486694336e-01
1.064335346221923828e+00
6.710678935050964355e-01
-9.401861429214477539e-01
-2.915758490562438965e-01
3.473565578460693359e-01
-5.184738039970397949e-01
3.201197087764739990e-01
-3.005259037017822266e-01
6.491407752037048340e-01
6.050609946250915527e-01
1.171273812651634216e-01
-5.479702949523925781e-01
3.594584167003631592e-01
-6.886861920356750488e-01
-9.977256655693054199e-01
7.300313115119934082e-01
6.925153136253356934e-01
4.456110894680023193e-01
-3.702194988727569580e-01
-1.741741150617599487e-01
-4.655102789402008057e-01
1.319399237632751465e+00
4.553405940532684326e-01
6.024144291877746582e-01
-7.326073646545410156e-01
5.253456532955169678e-02
-2.230431586503982544e-01
-3.251687586307525635e-01
-6.915514469146728516e-01
-3.901601135730743408e-01
6.497062444686889648e-01
-3.146931529045104980e-01
-1.084277853369712830e-01
-2.967647314071655273e-01
1.782062768936157227e+00
-1.129832029342651367e+00
1.873544216156005859e+00
-3.063017725944519043e-01
6.659795641899108887e-01
5.571544766426086426e-01
1.672904640436172485e-01
-7.929668426513671875e-01
2.715729773044586182e-01
-9.658784270286560059e-01
-9.395890235900878906e-01
3.904118835926055908e-01
-4.617634415626525879e-01
-5.659937858581542969e-02
-1.209281325340270996e+00
8.147917985916137695e-01
1.008488178253173828e+00
1.670066453516483307e-02
2.135748565196990967e-01
2.237409800291061401e-01
1.439437419176101685e-01
8.610612750053405762e-01
2.968978323042392731e-02
-1.670426130294799805e-01
-1.794536113739013672e-01
-5.362919569015502930e-01
2.699039280414581299e-01
-3.833232223987579346e-01
-1.464577764272689819e-01
2.591393291950225830e-01
-4.037582874298095703e-01
1.190388321876525879e+00
-1.162186563014984131e-01
8.888626098632812500e-01
-1.728578805923461914e-01
-8.857284188270568848e-01
-2.675988245755434036e-03
-1.448039174079895020e+00
2.961453199386596680e-01
-9.095680713653564453e-01
1.476529717445373535e+00
8.694004416465759277e-01
6.006053686141967773e-01
-7.610890269279479980e-01
6.558059453964233398e-01
-4.773526489734649658e-01
-9.753662943840026855e-01
-5.644316673278808594e-01
3.674319386482238770e-01
3.264833390712738037e-01
-1.315125823020935059e+00
-2.988602519035339355e-01
5.417050793766975403e-02
6.236398816108703613e-01
4.901417996734380722e-03
8.101096749305725098e-02
5.178990364074707031e-01
-1.176568746566772461e+00
1.056976914405822754e+00
8.604768514633178711e-01
5.700144767761230469e-01
-1.052408695220947266e+00
-2.392580062150955200e-01
-7.872410118579864502e-02
2.942498028278350830e-01
3.138568401336669922e-01
-9.902167320251464844e-01
-2.723396718502044678e-01
9.575706124305725098e-01
-1.130137205123901367e+00
1.900235414505004883e-01
5.012838244438171387e-01
-1.167685508728027344e+00
4.212623462080955505e-02
8.091558218002319336e-01
-3.431039452552795410e-01
-1.662782281637191772e-01
1.336222141981124878e-01
-2.101214975118637085e-01
3.369400501251220703e-01
-1.341463685035705566e+00
7.440202236175537109e-01
-8.278470039367675781e-01
-3.275298746302723885e-03
-4.244502186775207520e-01
6.187672615051269531e-01
-1.084673926234245300e-01
1.675665229558944702e-01
1.237673401832580566e+00
1.099030733108520508e+00
-1.682554483413696289e-01
-6.912916898727416992e-01
-1.086490273475646973e+00
8.536992073059082031e-01
-9.194244742393493652e-01
4.222548101097345352e-03
6.382465362548828125e-04
1.355283617973327637e+00
3.042883574962615967e-01
1.597793579101562500e+00
1.612075269222259521e-01
-5.756487138569355011e-03
-5.217025279998779297e-01
-2.024246603250503540e-01
2.205412536859512329e-01
1.462538242340087891e-01
8.665504306554794312e-02
-4.605142772197723389e-02
7.227069139480590820e-01
7.171441316604614258e-01
-1.238645434379577637e+00
-8.104205131530761719e-01
-1.203255772590637207e+00
8.253488540649414062e-01
3.501778542995452881e-01
-1.175285935401916504e+00
-7.274835705757141113e-01
3.371652662754058838e-01
5.524450540542602539e-01
7.501546144485473633e-01
-7.146775126457214355e-01
2.888554632663726807e-01
1.345613837242126465e+00
7.788012623786926270e-01
-5.462952852249145508e-01
4.589230418205261230e-01
-1.300976514816284180e+00
4.271515309810638428e-01
3.480529785156250000e-01
-2.435997873544692993e-02
1.369025260210037231e-01
9.836613535881042480e-01
2.790629863739013672e-01
7.723593115806579590e-01
-9.987091422080993652e-01
7.953959703445434570e-01
-2.828049957752227783e-01
6.408343911170959473e-01
-5.382898449897766113e-01
-5.945861935615539551e-01
3.433842658996582031e-01
-7.016099691390991211e-01
3.002597689628601074e-01
-1.799622625112533569e-01
-6.763089448213577271e-02
3.780146688222885132e-02
1.048742651939392090e+00
-9.784073233604431152e-01
-9.758209586143493652e-01
8.973425030708312988e-01
-6.168829798698425293e-01
9.173149466514587402e-01
-7.990036606788635254e-01
1.119417548179626465e+00
-1.249711990356445312e+00
-1.581467390060424805e-01
2.753765583038330078e-01
-6.732403486967086792e-02
-4.134617149829864502e-01
2.989825308322906494e-01
-3.422582149505615234e-01
-7.015681862831115723e-01
-6.549132466316223145e-01
8.346236497163772583e-02
-6.088582873344421387e-01
3.825688660144805908e-01
1.425581872463226318e-01
4.901033639907836914e-01
-9.694156646728515625e-01
8.410595059394836426e-01
-7.427213788032531738e-01
2.748405635356903076e-01
3.385073542594909668e-01
9.435329437255859375e-01
-1.013766407966613770e+00
-1.124396800994873047e+00
-6.156852841377258301e-01
-5.713548660278320312e-01
-4.692045450210571289e-01
1.122069358825683594e-01
-3.449686765670776367e-01
-1.640530079603195190e-01
-5.332614183425903320e-01
-9.807897806167602539e-01
7.794305682182312012e-01
2.756949663162231445e-01
6.332700848579406738e-01
-8.063840866088867188e-02
1.242154017090797424e-01
-9.636095762252807617e-01
-9.440798759460449219e-01
-5.110452771186828613e-01
-8.202840387821197510e-02
7.141671180725097656e-01
-1.351164221763610840e+00
3.129466474056243896e-01
-5.231919884681701660e-01
2.917972020804882050e-02
-7.809000611305236816e-01
-2.949203550815582275e-01
3.229068219661712646e-01
9.491813778877258301e-01
5.088070034980773926e-01
-1.409213423728942871e+00
-7.520637661218643188e-02
-1.132166385650634766e+00
-6.300889253616333008e-01
1.466701626777648926e-01
-1.566766202449798584e-01
-2.409610301256179810e-01
-1.981755644083023071e-01
-3.142270147800445557e-01
-2.821262478828430176e-01
4.969752430915832520e-01
9.976140856742858887e-01
6.114877462387084961e-01
3.615044653415679932e-01
-5.718226432800292969e-01
2.228517979383468628e-01
-5.745084881782531738e-01
-6.430951952934265137e-01
-4.437195137143135071e-02
-6.769508719444274902e-01
5.569742918014526367e-01
1.069664835929870605e+00
-4.501299932599067688e-02
1.081793680787086487e-01
-2.259257286787033081e-01
-6.509529948234558105e-01
4.476465880870819092e-01
-5.603034496307373047e-01
-4.415459334850311279e-01
9.091176390647888184e-01
-7.994416356086730957e-01
-1.612687706947326660e+00
4.404868185520172119e-01
5.603896379470825195e-01
9.068528413772583008e-01
3.859786987304687500e-01
9.395595639944076538e-02
-1.185434222221374512e+00
-5.636121630668640137e-01
-7.922583222389221191e-01
-4.237916767597198486e-01
-9.581097960472106934e-02
-8.656119108200073242e-01
1.563577175140380859e+00
-3.124879486858844757e-02
2.803276479244232178e-01
6.931197643280029297e-01
8.324852585792541504e-02
-4.757593572139739990e-01
1.151810765266418457e+00
2.291297614574432373e-01
-4.293003976345062256e-01
1.252433538436889648e+00
7.210004329681396484e-01
-6.592249274253845215e-01
6.060301065444946289e-01
-7.669852115213871002e-03
6.198781728744506836e-01
-4.163010716438293457e-01
1.923312842845916748e-01
1.544449687004089355e+00
-8.978956937789916992e-01
-5.119286775588989258e-01
-6.819303631782531738e-01
-4.281211197376251221e-01
2.929171323776245117e-01
-9.463759511709213257e-02
7.304480075836181641e-01
-1.906789243221282959e-01
-3.490320220589637756e-02
-8.247233927249908447e-02
-7.875046133995056152e-01
8.097895383834838867e-01
6.436569690704345703e-01
-6.510348916053771973e-01
-4.026887416839599609e-01
3.982355073094367981e-02
-2.403982877731323242e-01
-1.203369975090026855e+00
-4.520772695541381836e-01
6.523874998092651367e-01
-9.493527412414550781e-01
3.229812681674957275e-01
-5.582876205444335938e-01
1.163427829742431641e+00
-9.000294208526611328e-01
-5.627692341804504395e-01
-7.275803089141845703e-01
1.279590278863906860e-02
-2.507698535919189453e-01
5.127043277025222778e-02
4.035153687000274658e-01
6.414023637771606445e-01
-5.685278773307800293e-01
1.006670594215393066e+00
-2.619183063507080078e-01
7.319710254669189453e-01
-8.994840383529663086e-01
9.469335675239562988e-01
-5.416539907455444336e-01
-2.532732486724853516e-01
-5.875225663185119629e-01
9.509302377700805664e-01
-2.197593897581100464e-01
-5.719859898090362549e-02
-1.166632398962974548e-01
-1.719468086957931519e-01
-6.595322489738464355e-01
2.988689243793487549e-01
-1.328648328781127930e+00
-8.958493471145629883e-01
-1.028164863586425781e+00
-8.665440231561660767e-02
4.626624882221221924e-01
-3.157523870468139648e-01
5.762032866477966309e-01
-1.353776097297668457e+00
2.587665617465972900e-02
9.020746350288391113e-01
8.350929617881774902e-01
3.496773838996887207e-01
-1.024643421173095703e+00
-1.760665774345397949e-01
1.324280381202697754e+00
5.121486783027648926e-01
1.005756974220275879e+00
-1.712848246097564697e-01
-6.989134103059768677e-02
6.934231519699096680e-01
-2.192309051752090454e-01
1.293696403503417969e+00
-4.593627750873565674e-01
2.085872143507003784e-01
5.469037890434265137e-01
-7.985216975212097168e-01
-2.155056744813919067e-01
-5.899695158004760742e-01
2.949229180812835693e-01
-4.376363754272460938e-01
4.482061862945556641e-01
-4.006038904190063477e-01
4.527322947978973389e-02
-3.573065400123596191e-01
2.721155881881713867e-01
-3.025139272212982178e-01
-4.173580408096313477e-01
2.931926213204860687e-02
-5.273210406303405762e-01
9.894071817398071289e-01
-2.791503667831420898e-01
-4.717080593109130859e-01
-6.237714886665344238e-01
-8.361632227897644043e-01
-5.472502708435058594e-01
-6.637182831764221191e-01
-1.714121848344802856e-01
5.589139461517333984e-01
-7.838528156280517578e-01
-3.277322947978973389e-01
2.406581640243530273e-01
3.021337985992431641e-01
9.423025846481323242e-01
-5.069077014923095703e-02
7.106734514236450195e-01
-8.182258903980255127e-02
1.161738038063049316e+00
5.357511639595031738e-01
9.746215343475341797e-01
-2.212533950805664062e-01
3.127000331878662109e-01
-6.768427491188049316e-01
-1.984716653823852539e-01
-1.047782748937606812e-01
-2.690618932247161865e-01
-1.389369964599609375e+00
-9.798139333724975586e-03
1.627431362867355347e-01
-1.202949523925781250e+00
-7.761448025703430176e-01
5.486756563186645508e-01
4.676396250724792480e-01
-7.645969092845916748e-02
5.477507114410400391e-01
4.317387044429779053e-01
-2.541336119174957275e-01
