-9.371459484100341797e-01
-5.149138569831848145e-01
-4.153857827186584473e-01
5.375591292977333069e-02
6.315159797668457031e-02
-9.189550280570983887e-01
-3.115793764591217041e-01
8.894831538200378418e-01
2.755932509899139404e-02
1.664604246616363525e-01
-1.131037622690200806e-01
-2.481989413499832153e-01
-7.303298115730285645e-01
-3.833088558167219162e-03
-2.369264960289001465e-01
-8.740726709365844727e-01
-3.368708863854408264e-02
-2.819088697433471680e-01
1.203079242259263992e-02
-4.713658094406127930e-01
2.449327856302261353e-01
-2.501821219921112061e-01
3.325242176651954651e-02
-5.494332909584045410e-01
-3.879033923149108887e-01
-4.497449100017547607e-01
-6.311521530151367188e-01
-2.686623930931091309e-01
9.713584184646606445e-01
7.011195421218872070e-01
7.897337675094604492e-01
2.897801399230957031e-01
6.301396340131759644e-02
2.079951167106628418e-01
1.485283523797988892e-01
1.587031632661819458e-01
4.270424544811248779e-01
8.807122707366943359e-01
1.741484701633453369e-01
-3.671505451202392578e-01
5.133281350135803223e-01
3.047023713588714600e-01
7.052568793296813965e-01
-1.452899724245071411e-01
3.278294503688812256e-01
-9.593501091003417969e-01
6.087222099304199219e-01
2.847839295864105225e-01
9.297034144401550293e-01
8.255798816680908203e-01
-8.994964957237243652e-01
6.104589104652404785e-01
1.001773476600646973e+00
5.201855301856994629e-01
-5.964796543121337891e-01
6.841657217592000961e-03
4.203296452760696411e-02
-2.556520402431488037e-01
-6.100901365280151367e-01
-3.372565805912017822e-01
8.230795711278915405e-02
4.206598103046417236e-01
-4.512166678905487061e-01
5.689061284065246582e-01
-2.597192525863647461e-01
6.376027464866638184e-01
1.897794604301452637e-01
-8.044039011001586914e-01
-5.113914608955383301e-01
-6.698207855224609375e-01
2.316369488835334778e-02
-4.379246234893798828e-01
-1.145295724272727966e-01
5.781689286231994629e-01
7.322392463684082031e-01
6.684726476669311523e-01
4.992241412401199341e-02
5.876359343528747559e-01
1.122232913970947266e+00
7.416677474975585938e-01
-1.863804310560226440e-01
-5.997799634933471680e-01
-1.059824705123901367e+00
-4.614924639463424683e-02
7.858838438987731934e-01
-3.143130838871002197e-01
-5.684298276901245117e-01
-3.407789468765258789e-01
1.860018521547317505e-01
-1.224026203155517578e+00
6.138936877250671387e-01
-1.746371984481811523e-01
8.916715383529663086e-01
1.648935675621032715e-01
2.817467451095581055e-01
-7.846247553825378418e-01
9.638077020645141602e-02
-6.298941969871520996e-01
4.085991978645324707e-01
1.037762999534606934e+00
-1.338441073894500732e-01
9.904650449752807617e-01
4.123952388763427734e-01
-1.539880633354187012e-01
4.119196236133575439e-01
2.834064066410064697e-01
5.540162324905395508e-01
1.482280731201171875e+00
-1.976463347673416138e-01
1.919798702001571655e-01
-1.327992677688598633e-01
3.002739548683166504e-01
-2.142485231161117554e-01
5.340626835823059082e-01
3.732782304286956787e-01
4.186533689498901367e-01
3.387815952301025391e-01
-5.846744775772094727e-01
-5.309416055679321289e-01
-4.307257235050201416e-01
7.392260432243347168e-01
-4.376573562622070312e-01
-7.096141576766967773e-01
2.026573270559310913e-01
-8.917005658149719238e-01
7.300992608070373535e-01
-2.623881697654724121e-01
-7.688005566596984863e-01
-1.604212671518325806e-01
-3.368125557899475098e-01
8.048375695943832397e-02
-5.531307458877563477e-01
-2.453379184007644653e-01
-3.717621043324470520e-02
1.493586897850036621e-01
-1.333412081003189087e-01
-5.138721466064453125e-01
2.478438764810562134e-01
-5.275857448577880859e-01
-9.991705417633056641e-01
6.846010088920593262e-01
-1.166990399360656738e-01
-3.974216431379318237e-02
1.153331473469734192e-01
2.493612021207809448e-01
3.434869050979614258e-01
9.869469404220581055e-01
-4.350318908691406250e-01
-2.359673827886581421e-01
-6.868125796318054199e-01
1.928838193416595459e-01
1.371743530035018921e-01
-5.082889795303344727e-01
9.099299907684326172e-01
-1.373458743095397949e+00
3.748526573181152344e-01
2.834474444389343262e-01
-3.948003649711608887e-01
9.578779339790344238e-02
-5.602339506149291992e-01
1.191604956984519958e-01
-9.239713847637176514e-02
1.939570665359497070e+00
-1.819560289382934570e+00
-3.511029183864593506e-01
-2.082465440034866333e-01
-3.198296129703521729e-01
-5.377940833568572998e-02
3.505599796772003174e-01
6.114398837089538574e-01
7.121115177869796753e-02
5.519376993179321289e-01
-1.975016742944717407e-01
-5.841227173805236816e-01
-1.562225341796875000e+00
-8.437834382057189941e-01
-3.025338612496852875e-02
1.455311179161071777e-01
3.563718497753143311e-01
-3.305891752243041992e-01
-7.214734554290771484e-01
3.096490502357482910e-01
-5.094954371452331543e-01
-1.186283119022846222e-02
2.129737436771392822e-01
-2.294464111328125000e-01
-3.239525258541107178e-01
-2.243578195571899414e+00
-4.365326166152954102e-01
-5.480430126190185547e-01
6.103981137275695801e-01
5.901436805725097656e-01
6.019190549850463867e-01
1.360859155654907227e+00
-3.938123285770416260e-01
-2.414461821317672729e-01
2.938064932823181152e-01
-1.005386039614677429e-01
8.190122991800308228e-02
-1.124701946973800659e-01
-4.296063184738159180e-01
-9.019916653633117676e-01
8.497679233551025391e-01
-1.190035566687583923e-01
6.020847558975219727e-01
8.102110624313354492e-01
-4.503114894032478333e-02
-1.267434358596801758e+00
-7.504901289939880371e-01
-8.878620266914367676e-01
-6.245363354682922363e-01
-1.318956017494201660e+00
-9.465772658586502075e-03
-4.941370487213134766e-01
3.117264509201049805e-01
-2.932105958461761475e-01
-1.530960053205490112e-01
-4.260344207286834717e-01
-3.761939331889152527e-02
9.429179877042770386e-02
-3.990649580955505371e-01
7.421074062585830688e-02
3.719263970851898193e-01
-2.924521565437316895e-01
-4.335039854049682617e-01
-6.638734936714172363e-01
1.075044631958007812e+00
-4.386487483978271484e+00
5.124907493591308594e-01
1.978660821914672852e-01
1.989360153675079346e-01
-2.557287216186523438e-01
-1.873717010021209717e-01
-7.249017953872680664e-01
6.379124164581298828e+00
-5.935357213020324707e-01
-7.769955992698669434e-01
-6.103603243827819824e-01
1.069658517837524414e+00
-6.708072423934936523e-01
9.281525015830993652e-01
-2.038668245077133179e-01
4.922888875007629395e-01
-9.759039878845214844e-01
3.187077641487121582e-01
7.603921890258789062e-01
3.504457473754882812e-01
2.597026824951171875e-01
9.900767207145690918e-01
-5.841974020004272461e-01
-2.131220698356628418e-01
7.254227399826049805e-01
-5.545860528945922852e-01
-1.913334429264068604e-01
5.667898654937744141e-01
4.054294526576995850e-02
-5.262615084648132324e-01
-2.982054464519023895e-02
1.355645358562469482e-01
1.026654914021492004e-01
6.149407476186752319e-02
-1.623572707176208496e-01
-8.995032310485839844e-02
1.986831128597259521e-01
8.557142019271850586e-01
-5.409418940544128418e-01
1.419475302100181580e-02
-1.807168684899806976e-02
4.686059355735778809e-01
6.477353572845458984e-01
1.845021247863769531e-01
-1.122255921363830566e+00
-2.243522107601165771e-01
2.527796626091003418e-01
-1.495160818099975586e+00
1.645256876945495605e+00
-7.565340399742126465e-01
2.044538259506225586e-01
-4.238854348659515381e-01
7.162008881568908691e-01
-1.127169355750083923e-01
-6.423056870698928833e-02
2.693085074424743652e-01
-1.039465546607971191e+00
8.114466667175292969e-01
3.637176454067230225e-01
3.252468109130859375e-01
1.764791160821914673e-01
-2.447810024023056030e-01
1.342945843935012817e-01
2.040799409151077271e-01
8.713345229625701904e-02
-1.170408606529235840e+00
-4.505100101232528687e-02
5.031892061233520508e-01
1.112598061561584473e+00
2.797826230525970459e-01
3.387346491217613220e-02
-2.954835295677185059e-01
-3.212645947933197021e-01
4.394855797290802002e-01
7.833847999572753906e-01
-9.150580763816833496e-01
9.027769416570663452e-02
-1.630670577287673950e-01
2.368683218955993652e-01
8.210591673851013184e-01
1.119851246476173401e-01
4.564661681652069092e-01
3.838141560554504395e-01
-5.143997818231582642e-02
5.320036411285400391e-02
4.466857910156250000e-01
-7.774425204843282700e-03
-1.912917196750640869e-01
7.050467133522033691e-01
2.177767753601074219e-01
-2.225272059440612793e-01
7.568552345037460327e-02
5.679905414581298828e-01
3.051445186138153076e-01
1.258629858493804932e-01
-1.226167827844619751e-01
-9.502506256103515625e-01
-2.282033860683441162e-01
3.326937258243560791e-01
-1.135902166366577148e+00
-1.191220641136169434e+00
-1.028407573699951172e+00
-1.397802472114562988e+00
-2.271317392587661743e-01
-7.523804903030395508e-01
2.081766724586486816e-01
2.287749052047729492e-01
-5.807877779006958008e-01
9.690246582031250000e-01
-3.756835460662841797e-01
-3.253835141658782959e-01
1.554005742073059082e+00
-4.292445778846740723e-01
-1.212303042411804199e-01
-4.537661373615264893e-01
9.427776187658309937e-02
-7.955043315887451172e-01
1.811791956424713135e-01
2.312581837177276611e-01
1.064454197883605957e+00
6.528402566909790039e-01
-8.055643439292907715e-01
-1.423046439886093140e-01
1.723294407129287720e-01
-4.803371727466583252e-01
4.101046919822692871e-01
1.036887615919113159e-01
6.722103953361511230e-01
2.339890301227569580e-01
1.615448156371712685e-03
-5.203942656517028809e-01
2.522748112678527832e-01
-5.820245146751403809e-01
-9.048940539360046387e-01
6.923474669456481934e-01
5.762305259704589844e-01
4.794037044048309326e-01
-1.879981309175491333e-01
-1.297673881053924561e-01
-3.784511983394622803e-01
1.160063266754150391e+00
5.837844610214233398e-01
8.302748203277587891e-01
-6.841303110122680664e-01
9.357574395835399628e-03
-2.195636183023452759e-01
-3.529460430145263672e-01
-7.943792343139648438e-01
-3.105335235595703125e-01
5.756361484527587891e-01
-3.100593090057373047e-01
-3.319257497787475586e-02
-3.155157566070556641e-01
1.294971108436584473e+00
-1.044293761253356934e+00
1.564841151237487793e+00
-1.635172814130783081e-01
5.072436928749084473e-01
4.948294758796691895e-01
2.466972023248672485e-01
-4.940562248229980469e-01
2.164043337106704712e-01
-9.176810979843139648e-01
-1.030315399169921875e+00
2.787587642669677734e-01
-5.273541808128356934e-01
-3.428668081760406494e-01
-1.134221434593200684e+00
7.152774333953857422e-01
1.030788064002990723e+00
3.656120225787162781e-02
2.167796641588211060e-01
2.971346676349639893e-01
2.400428801774978638e-01
7.499675750732421875e-01
-6.654749065637588501e-02
-9.100221842527389526e-02
-3.369773179292678833e-02
-5.028927922248840332e-01
3.093618154525756836e-01
-3.033138215541839600e-01
-2.788391709327697754e-01
-1.941125281155109406e-02
-3.268996477127075195e-01
1.098522305488586426e+00
9.949667751789093018e-02
9.651349186897277832e-01
-3.702704608440399170e-02
-7.322394847869873047e-01
1.856788694858551025e-01
-1.311806559562683105e+00
1.191380247473716736e-01
-4.904163479804992676e-01
1.357042551040649414e+00
7.388746738433837891e-01
4.827817678451538086e-01
-4.562503695487976074e-01
8.087424039840698242e-01
-4.709043502807617188e-01
-7.957850098609924316e-01
-5.540895462036132812e-01
4.464438259601593018e-01
2.894663512706756592e-01
-1.008795499801635742e+00
-2.583349347114562988e-01
-6.806798279285430908e-02
5.476301908493041992e-01
-2.437238208949565887e-02
1.352339386940002441e-01
4.338446259498596191e-01
-8.884270787239074707e-01
8.523725271224975586e-01
7.100548148155212402e-01
4.080779850482940674e-01
-9.349280595779418945e-01
-2.484285086393356323e-01
-6.862444430589675903e-02
2.685201168060302734e-01
4.502914845943450928e-01
-9.793956279754638672e-01
-2.611192762851715088e-01
9.607239961624145508e-01
-1.138825893402099609e+00
2.431306429207324982e-02
4.792757928371429443e-01
-1.035329461097717285e+00
9.187991917133331299e-02
4.575523138046264648e-01
-3.351371288299560547e-01
-2.084583938121795654e-01
1.770286858081817627e-01
-1.865340173244476318e-01
4.535132646560668945e-01
-1.203352689743041992e+00
4.645081460475921631e-01
-7.880507111549377441e-01
-7.204483449459075928e-02
-4.061935245990753174e-01
4.941918551921844482e-01
-8.172431588172912598e-02
2.263908833265304565e-01
9.763217568397521973e-01
8.362494707107543945e-01
-1.631972044706344604e-01
-5.692122578620910645e-01
-9.651333689689636230e-01
7.387962937355041504e-01
-8.025290369987487793e-01
7.434806972742080688e-02
-3.525018319487571716e-02
1.146421432495117188e+00
1.205992847681045532e-01
1.324616432189941406e+00
1.593531519174575806e-01
-5.344861373305320740e-02
-3.973528146743774414e-01
-3.301656842231750488e-01
2.013581544160842896e-01
1.383951157331466675e-01
-5.558600183576345444e-03
-3.811852261424064636e-02
9.369211196899414062e-01
6.288061141967773438e-01
-1.117122054100036621e+00
-5.550924539566040039e-01
-9.904298186302185059e-01
7.740394473075866699e-01
2.469987720251083374e-01
-9.504137635231018066e-01
-7.397468090057373047e-01
2.379987239837646484e-01
9.306396842002868652e-01
8.040400147438049316e-01
-6.323831081390380859e-01
2.249790281057357788e-01
1.210147380828857422e+00
6.048487424850463867e-01
-4.558897614479064941e-01
2.831506431102752686e-01
-1.195012927055358887e+00
2.791574597358703613e-01
3.403658568859100342e-01
4.488401487469673157e-02
1.184240728616714478e-01
9.258428215980529785e-01
2.853086590766906738e-01
7.383912801742553711e-01
-8.552056550979614258e-01
8.190956711769104004e-01
-1.505471915006637573e-01
9.054142236709594727e-01
-4.075784981250762939e-01
-5.376821160316467285e-01
3.405221104621887207e-01
-7.404989600181579590e-01
2.391994446516036987e-01
-1.979855149984359741e-01
-1.941900551319122314e-01
7.257740944623947144e-02
9.728934168815612793e-01
-9.490020871162414551e-01
-9.754417538642883301e-01
8.337566256523132324e-01
-4.557210206985473633e-01
7.668145298957824707e-01
-7.134894728660583496e-01
1.179466247558593750e+00
-1.197415351867675781e+00
-1.307205706834793091e-01
3.468721807003021240e-01
-8.105082809925079346e-02
-2.985763549804687500e-01
3.666723668575286865e-01
-3.343682587146759033e-01
-5.289155244827270508e-01
-4.315929114818572998e-01
-1.430014669895172119e-01
-6.745972633361816406e-01
2.391348183155059814e-01
1.444625705480575562e-01
3.307579755783081055e-01
-7.208917140960693359e-01
7.342231869697570801e-01
-8.092222809791564941e-01
4.039754346013069153e-02
2.892473340034484863e-01
8.016420602798461914e-01
-9.640117883682250977e-01
-1.244056344032287598e+00
-5.607864260673522949e-01
-4.524339139461517334e-01
-5.060486793518066406e-01
2.551023960113525391e-01
-1.786015480756759644e-01
-6.593661010265350342e-02
-4.185749590396881104e-01
-7.933881878852844238e-01
6.520664691925048828e-01
2.303563356399536133e-01
5.147090554237365723e-01
-2.703428566455841064e-01
8.367753773927688599e-02
-9.582379460334777832e-01
-8.682888746261596680e-01
-5.423443317413330078e-01
-6.812421977519989014e-02
6.843706965446472168e-01
-1.182976245880126953e+00
2.755957245826721191e-01
-4.480954408645629883e-01
-4.784883558750152588e-02
-9.232175946235656738e-01
-3.236096799373626709e-01
2.213392853736877441e-01
9.046075940132141113e-01
4.785760045051574707e-01
-1.069084525108337402e+00
-6.492571532726287842e-02
-1.052612543106079102e+00
-6.637946367263793945e-01
5.667612329125404358e-02
-1.601232588291168213e-01
-2.092212587594985962e-01
-1.879489123821258545e-01
-3.498884439468383789e-01
-4.128408432006835938e-01
7.062287330627441406e-01
7.330111265182495117e-01
5.307160019874572754e-01
1.972678750753402710e-01
-5.168441534042358398e-01
8.233579993247985840e-02
-4.306196868419647217e-01
-4.644169807434082031e-01
6.861142814159393311e-02
-6.970417499542236328e-01
5.335761904716491699e-01
1.171879768371582031e+00
-1.800128966569900513e-01
1.455634236335754395e-01
-1.775810122489929199e-01
-7.134164571762084961e-01
2.145642340183258057e-01
-5.148358345031738281e-01
-3.712827265262603760e-01
8.832061290740966797e-01
-7.869169712066650391e-01
-1.501652359962463379e+00
3.301579654216766357e-01
4.557552933692932129e-01
6.203867793083190918e-01
4.070468544960021973e-01
-3.475600853562355042e-02
-1.084178447723388672e+00
-4.553429484367370605e-01
-6.728691458702087402e-01
-3.212349116802215576e-01
-1.677942276000976562e-01
-8.115617632865905762e-01
1.333342671394348145e+00
-4.914462566375732422e-02
2.000876069068908691e-01
6.151638627052307129e-01
2.587128281593322754e-01
-3.083947598934173584e-01
1.078186750411987305e+00
-1.958334445953369141e-02
-4.300774335861206055e-01
1.216977119445800781e+00
5.719078183174133301e-01
-6.722401976585388184e-01
6.244457364082336426e-01
5.782251060009002686e-02
5.860430598258972168e-01
-3.898348510265350342e-01
8.063862472772598267e-02
1.220664262771606445e+00
-7.720015645027160645e-01
-4.486111402511596680e-01
-5.534500479698181152e-01
-2.419972568750381470e-01
2.466326653957366943e-01
-1.103053539991378784e-01
5.808041691780090332e-01
-1.876007169485092163e-01
-2.406387031078338623e-02
-1.211462020874023438e-01
-4.708565175533294678e-01
9.153124690055847168e-01
7.723610997200012207e-01
-6.509117484092712402e-01
-3.006783127784729004e-01
6.171434372663497925e-02
-3.473494946956634521e-01
-1.035261988639831543e+00
-3.264633119106292725e-01
4.967994689941406250e-01
-6.503007411956787109e-01
3.784245252609252930e-01
-4.596483111381530762e-01
1.131499409675598145e+00
-8.483843207359313965e-01
-5.321596264839172363e-01
-3.615434467792510986e-01
-1.343973577022552490e-01
-2.234930396080017090e-01
2.805866003036499023e-01
3.153751492500305176e-01
3.813826739788055420e-01
-4.471545815467834473e-01
7.827416658401489258e-01
-8.640433847904205322e-02
5.646497011184692383e-01
-8.824617266654968262e-01
7.459308505058288574e-01
-3.791846632957458496e-01
-2.582436501979827881e-01
-5.180914998054504395e-01
7.704949975013732910e-01
-3.663945496082305908e-01
-9.707719087600708008e-02
-3.934728354215621948e-02
-7.023750990629196167e-02
-7.972843647003173828e-01
2.719204723834991455e-01
-8.479403257369995117e-01
-7.977834343910217285e-01
-1.053775906562805176e+00
-6.120851263403892517e-02
3.779333531856536865e-01
-3.727091550827026367e-01
3.556280732154846191e-01
-1.200685620307922363e+00
-9.893377311527729034e-03
1.057942986488342285e+00
8.720451593399047852e-01
3.222391009330749512e-01
-8.887603878974914551e-01
-1.619605869054794312e-01
1.394645571708679199e+00
4.570271968841552734e-01
8.666605949401855469e-01
-1.572320312261581421e-01
-4.420549422502517700e-02
7.175544500350952148e-01
-2.263149917125701904e-01
1.283284187316894531e+00
-4.234569668769836426e-01
2.062577158212661743e-01
5.031595826148986816e-01
-7.170136570930480957e-01
-2.046142667531967163e-01
-3.809926211833953857e-01
2.166039049625396729e-01
-2.560803294181823730e-01
4.027362763881683350e-01
-2.723028957843780518e-01
3.259174525737762451e-02
-2.866542041301727295e-01
2.178541868925094604e-01
-2.611574828624725342e-01
-2.560791671276092529e-01
-2.076870203018188477e-01
-4.212711453437805176e-01
1.080585956573486328e+00
-2.810520827770233154e-01
-3.563097119331359863e-01
-5.792179107666015625e-01
-7.156698107719421387e-01
-5.264842510223388672e-01
-6.594640016555786133e-01
-7.342022657394409180e-02
4.523968994617462158e-01
-7.154398560523986816e-01
-3.005455434322357178e-01
3.161367774009704590e-01
3.495025634765625000e-02
5.912196040153503418e-01
-5.591949820518493652e-02
7.364631891250610352e-01
-3.127094730734825134e-02
9.267680644989013672e-01
4.683513343334197998e-01
8.431191444396972656e-01
-3.645628094673156738e-01
2.196530699729919434e-01
-6.760042309761047363e-01
-2.135847657918930054e-01
-5.762476846575737000e-02
-2.276073545217514038e-01
-1.303407788276672363e+00
4.023531917482614517e-03
1.701367646455764771e-01
-1.032991766929626465e+00
-7.049230933189392090e-01
6.248282790184020996e-01
3.623622059822082520e-01
-9.487795829772949219e-02
5.368314981460571289e-01
4.051282405853271484e-01
-2.270106971263885498e-01
